3	6 Jun 23	18:19:00	1	0	36	0	MT	0	1	2	11	10	8	9	6	5	0	2	12	7	0	9	19	0	14	14	0	0	0	0	0	13	0	13	2	0	0	0	14	19	5
3	6 Jun 23	18:19:00	1	0	36	0	CT	0	1	11	6	23	27	13	24	16	47	7	10	15	0	13	26	0	26	16	0	14	2	0	1	37	0	21	3	6	0	14	24	26	16
3	6 Jun 23	18:19:00	1	0	36	0	Pn	0	1	13	12	7	4	15	9	11	12	3	13	5	1	15	3	5	1	15	1	10	8	1	1	12	1	14	15	11	1	1	15	6	8
4	6 Jun 23	18:20:00	1	0	36	0	MT	0	1	26	0	8	5	0	0	0	4	10	2	2	13	0	16	0	7	0	2	3	1	12	9	11	0	14	5	6	0	0	14	25	9
4	6 Jun 23	18:20:00	1	0	36	0	CT	0	1	29	0	22	28	13	3	0	45	17	17	15	1	0	29	0	18	1	7	17	11	3	13	23	0	24	9	12	1	4	21	32	19
4	6 Jun 23	18:20:00	1	0	36	0	Pn	0	1	15	12	15	9	15	9	11	12	9	15	7	14	15	15	5	8	15	3	13	9	13	10	15	1	2	10	13	1	1	1	3	11
5	6 Jun 23	18:21:00	1	0	36	0	MT	0	1	33	0	7	12	0	6	0	3	6	3	6	0	0	15	0	7	0	9	2	6	0	5	6	0	8	4	0	0	0	16	13	4
5	6 Jun 23	18:21:00	1	0	36	0	CT	0	1	38	6	39	22	0	11	0	15	6	15	21	0	0	21	0	9	0	13	2	12	0	5	11	0	13	18	0	1	0	19	23	6
5	6 Jun 23	18:21:00	1	0	36	0	Pn	0	1	10	12	8	15	15	15	11	15	15	12	1	14	15	8	5	15	15	12	15	15	13	15	15	1	8	6	13	1	1	13	10	15
6	6 Jun 23	18:22:00	1	0	36	0	MT	0	1	0	0	4	0	0	0	0	14	0	3	3	1	0	17	0	9	0	3	2	3	0	14	18	0	10	5	0	0	0	8	2	0
6	6 Jun 23	18:22:00	1	0	36	0	CT	0	1	41	0	12	1	0	2	1	33	0	5	30	1	0	22	0	32	0	5	38	5	0	17	26	0	25	15	17	0	0	19	46	1
6	6 Jun 23	18:22:00	1	0	36	0	Pn	0	1	10	12	8	15	15	15	11	1	15	15	4	15	15	5	5	6	15	15	13	12	13	1	7	1	12	11	13	1	1	5	12	15
7	6 Jun 23	18:23:00	1	0	36	0	MT	0	1	2	0	1	6	0	0	6	0	0	0	11	0	0	10	0	5	0	0	0	5	2	20	8	0	15	4	2	5	0	0	3	15
7	6 Jun 23	18:23:00	1	0	36	0	CT	0	1	14	1	2	16	0	9	35	14	0	4	23	1	0	15	0	10	0	3	51	16	3	25	10	0	37	9	8	10	0	31	12	21
7	6 Jun 23	18:23:00	1	0	36	0	Pn	0	1	8	12	7	9	15	15	11	1	15	15	15	15	15	15	5	1	15	15	13	15	15	9	15	1	15	15	11	6	1	5	15	14
8	6 Jun 23	18:24:00	1	0	36	0	MT	0	1	10	0	0	4	0	0	7	14	0	2	4	9	0	22	0	12	0	6	0	12	0	8	16	0	13	4	0	2	0	4	0	1
8	6 Jun 23	18:24:00	1	0	36	0	CT	0	1	14	7	0	15	0	9	34	23	0	3	12	19	0	34	0	29	0	9	0	25	0	8	24	0	28	11	5	15	1	12	0	3
8	6 Jun 23	18:24:00	1	0	36	0	Pn	0	1	12	12	7	5	15	15	4	15	15	13	15	12	15	15	5	13	15	9	13	9	15	1	15	1	2	11	11	8	1	1	15	15
9	6 Jun 23	18:25:00	1	0	36	0	MT	0	1	0	0	0	14	0	0	13	2	0	0	6	0	0	9	0	2	0	8	0	6	0	14	18	0	8	10	0	0	0	14	0	0
9	6 Jun 23	18:25:00	1	0	36	0	CT	0	1	1	2	0	24	0	2	35	15	0	6	20	1	0	16	0	2	0	14	0	12	0	17	23	0	23	32	0	0	0	21	0	0
9	6 Jun 23	18:25:00	1	0	36	0	Pn	0	1	12	12	7	11	15	15	5	13	15	13	9	12	15	6	5	15	15	1	13	15	15	15	13	1	8	1	11	8	1	15	15	15
10	6 Jun 23	18:26:00	1	0	36	0	MT	0	1	0	0	0	5	0	3	6	1	0	1	6	1	0	11	0	0	0	0	0	6	0	13	14	0	5	0	0	0	0	28	0	12
10	6 Jun 23	18:26:00	1	0	36	0	CT	0	1	0	0	0	19	1	18	29	16	0	3	12	3	0	15	0	0	3	0	1	21	0	26	27	0	12	0	0	0	0	30	0	15
10	6 Jun 23	18:26:00	1	0	36	0	Pn	0	1	12	12	7	6	15	12	5	12	15	12	15	13	15	15	5	15	15	1	13	9	15	8	15	1	9	1	11	8	1	15	15	9
11	6 Jun 23	18:27:00	1	0	36	0	MT	0	1	4	0	0	3	0	0	9	0	0	0	5	2	0	10	0	6	0	0	0	11	0	7	0	0	14	0	0	0	0	27	0	6
11	6 Jun 23	18:27:00	1	0	36	0	CT	0	1	4	5	0	11	0	31	40	0	0	0	24	3	0	19	0	13	0	0	0	19	0	7	1	0	28	4	0	0	0	30	0	7
11	6 Jun 23	18:27:00	1	0	36	0	Pn	0	1	8	12	7	9	15	12	6	12	15	12	10	15	15	5	5	9	15	1	13	10	15	1	15	1	7	1	11	8	1	14	15	15
12	6 Jun 23	18:28:00	1	0	36	0	MT	0	1	0	0	0	0	0	0	5	0	0	0	1	0	0	14	0	8	0	0	0	12	0	6	9	0	12	11	0	1	0	29	0	0
12	6 Jun 23	18:28:00	1	0	36	0	CT	0	1	2	0	0	9	0	0	19	0	0	0	11	0	0	21	0	14	0	0	0	36	0	10	26	0	26	20	0	1	0	35	0	0
12	6 Jun 23	18:28:00	1	0	36	0	Pn	0	1	8	12	7	9	15	12	1	12	15	12	9	15	15	15	5	1	15	1	13	2	15	1	14	1	11	12	11	9	1	15	15	15
13	6 Jun 23	18:29:00	1	0	36	0	MT	0	1	0	0	0	0	0	8	0	0	0	0	4	0	0	8	0	11	0	0	9	10	0	4	0	0	10	3	0	6	0	20	0	0
13	6 Jun 23	18:29:00	1	0	36	0	CT	0	1	0	0	0	0	1	17	0	0	0	0	14	0	0	14	0	30	0	0	16	32	0	6	11	0	22	13	0	11	0	25	0	0
13	6 Jun 23	18:29:00	1	0	36	0	Pn	0	1	8	12	7	9	15	12	1	12	15	12	9	15	15	7	5	12	15	1	4	2	15	1	14	1	1	15	11	15	1	7	15	15
14	6 Jun 23	18:30:00	1	0	36	0	MT	0	1	0	0	0	0	0	3	0	0	0	0	2	5	0	15	0	3	0	0	9	11	0	0	1	0	17	0	0	0	0	8	0	0
14	6 Jun 23	18:30:00	1	0	36	0	CT	0	1	0	4	0	0	0	17	1	0	0	0	12	10	0	27	0	6	0	0	18	35	0	0	4	0	20	2	0	5	0	22	0	0
14	6 Jun 23	18:30:00	1	0	36	0	Pn	0	1	8	12	7	9	15	15	1	12	15	12	7	14	15	10	5	15	15	1	7	13	15	1	15	1	12	15	11	15	1	15	15	15
15	6 Jun 23	18:31:00	1	0	36	0	MT	0	1	0	0	0	0	0	8	4	0	0	0	0	1	0	12	0	3	0	0	0	5	0	0	7	0	8	8	0	12	0	28	0	0
15	6 Jun 23	18:31:00	1	0	36	0	CT	0	1	0	3	0	0	0	18	8	0	0	0	12	3	0	18	0	5	0	0	29	34	0	2	16	0	19	13	0	16	2	34	0	0
15	6 Jun 23	18:31:00	1	0	36	0	Pn	0	1	8	12	7	9	15	7	5	12	15	12	7	15	15	8	5	12	15	1	7	12	15	1	14	1	4	7	11	3	1	15	15	15
16	6 Jun 23	18:32:00	1	0	36	0	MT	0	1	0	0	0	0	0	2	12	0	0	0	4	0	0	0	0	10	0	0	0	14	0	20	1	0	3	4	0	2	0	10	0	0
16	6 Jun 23	18:32:00	1	0	36	0	CT	0	1	0	1	0	0	0	4	17	0	0	0	16	0	0	4	0	31	0	0	46	34	0	22	6	0	5	12	0	5	5	15	0	0
16	6 Jun 23	18:32:00	1	0	36	0	Pn	0	1	8	12	7	9	15	5	13	12	15	12	3	15	15	8	5	2	15	1	7	12	15	9	15	1	1	7	11	1	1	5	15	15
17	6 Jun 23	18:33:00	1	0	36	0	MT	0	1	0	0	0	5	0	7	8	0	0	0	3	9	0	0	0	12	0	0	1	11	0	8	0	0	8	8	0	0	0	28	0	0
17	6 Jun 23	18:33:00	1	0	36	0	CT	0	1	0	2	0	8	0	13	34	0	0	3	29	23	0	0	0	15	0	0	22	22	0	9	0	0	30	19	3	0	9	32	0	0
17	6 Jun 23	18:33:00	1	0	36	0	Pn	0	1	8	12	7	14	15	6	13	12	15	12	4	6	15	8	5	12	15	1	8	15	15	1	15	1	9	15	11	1	1	15	15	15
18	6 Jun 23	18:34:00	1	0	36	0	MT	0	1	0	0	0	6	0	2	8	0	0	0	8	7	0	0	0	3	0	0	3	3	0	0	8	0	14	11	0	7	0	25	0	0
18	6 Jun 23	18:34:00	1	0	36	0	CT	0	1	0	0	0	12	1	15	22	0	0	0	27	18	0	0	0	13	0	1	11	13	0	0	17	0	19	28	0	13	0	27	0	0
18	6 Jun 23	18:34:00	1	0	36	0	Pn	0	1	8	12	7	8	15	8	9	12	15	12	8	13	15	8	5	15	15	1	11	12	15	1	7	1	7	4	11	8	1	12	15	15
19	6 Jun 23	18:35:00	1	0	36	0	MT	0	1	0	0	0	0	0	1	8	0	0	0	7	1	0	0	0	5	0	7	7	7	0	0	13	0	3	3	0	7	2	19	0	0
19	6 Jun 23	18:35:00	1	0	36	0	CT	0	1	0	2	1	0	0	2	17	0	0	0	17	6	0	0	0	10	0	8	24	22	0	0	21	0	13	6	0	13	11	27	0	0
19	6 Jun 23	18:35:00	1	0	36	0	Pn	0	1	8	12	7	8	15	9	13	12	15	12	15	14	15	8	5	10	15	8	12	15	15	1	12	1	4	1	11	15	3	3	15	15
20	6 Jun 23	18:36:00	1	0	36	0	MT	0	1	0	0	0	0	0	0	9	0	0	0	6	1	0	0	0	1	2	7	11	0	0	3	11	0	17	7	0	0	3	40	0	0
20	6 Jun 23	18:36:00	1	0	36	0	CT	0	1	0	2	0	0	0	8	33	0	0	2	16	2	0	0	0	9	4	8	29	0	0	6	17	0	26	17	0	1	15	42	0	0
20	6 Jun 23	18:36:00	1	0	36	0	Pn	0	1	8	12	7	8	15	9	8	12	15	12	9	15	15	8	5	9	13	15	7	15	15	4	1	1	15	8	11	15	6	15	15	15
21	6 Jun 23	18:37:00	1	0	36	0	MT	0	1	0	0	0	0	0	0	4	0	0	0	9	0	0	0	0	8	0	5	8	7	0	22	14	0	14	7	0	11	0	12	0	0
21	6 Jun 23	18:37:00	1	0	36	0	CT	0	1	0	1	0	0	0	0	21	0	0	0	35	0	0	0	0	16	0	10	16	31	0	25	15	0	33	17	0	17	2	17	0	0
21	6 Jun 23	18:37:00	1	0	36	0	Pn	0	1	8	12	7	8	15	9	4	12	15	12	12	15	15	8	5	1	13	10	15	8	15	4	15	1	7	15	11	4	6	3	15	15
22	6 Jun 23	18:38:00	1	0	36	0	MT	0	1	0	0	0	0	0	0	11	0	0	0	3	0	0	0	3	0	0	9	9	10	0	12	30	0	14	20	0	3	0	16	0	0
22	6 Jun 23	18:38:00	1	0	36	0	CT	0	1	0	4	0	0	1	0	25	0	0	0	27	0	0	0	8	1	0	27	18	29	0	13	36	0	25	30	0	7	16	19	0	0
22	6 Jun 23	18:38:00	1	0	36	0	Pn	0	1	8	12	7	8	15	9	7	12	15	12	9	15	15	8	8	1	13	1	10	2	15	10	11	1	9	15	11	1	6	15	15	15
23	6 Jun 23	18:39:00	1	0	36	0	MT	0	1	0	0	0	0	0	0	8	0	0	0	0	0	0	0	2	7	0	0	0	5	0	11	9	0	8	3	0	2	17	9	0	0
23	6 Jun 23	18:39:00	1	0	36	0	CT	0	1	0	1	0	0	3	0	29	0	0	0	6	0	0	0	2	31	0	0	11	25	0	24	18	0	16	22	0	19	34	26	0	0
23	6 Jun 23	18:39:00	1	0	36	0	Pn	0	1	8	12	7	8	15	9	5	12	15	12	9	15	15	8	6	8	13	1	10	1	15	1	10	1	1	12	11	3	7	6	15	15
24	6 Jun 23	18:40:00	1	0	36	0	MT	0	1	0	0	0	0	0	0	16	0	0	0	6	0	0	0	0	7	0	0	0	0	0	0	17	0	17	11	0	5	9	18	0	0
24	6 Jun 23	18:40:00	1	0	36	0	CT	0	1	4	0	0	0	0	0	40	0	0	0	22	0	0	0	0	15	0	0	18	0	0	0	22	0	26	18	0	9	27	20	0	0
24	6 Jun 23	18:40:00	1	0	36	0	Pn	0	1	8	12	7	8	15	9	3	12	15	12	15	15	15	8	6	15	13	1	10	1	15	1	15	1	12	1	11	8	6	14	15	15
25	6 Jun 23	18:41:00	1	0	36	0	MT	0	1	0	0	0	0	0	0	6	0	0	0	5	8	0	0	0	10	0	13	5	0	0	13	26	0	11	0	0	3	4	1	0	0
25	6 Jun 23	18:41:00	1	0	36	0	CT	0	1	0	8	0	0	0	0	11	0	0	0	22	24	0	0	0	19	0	18	9	0	0	36	30	0	23	0	0	10	19	3	0	0
25	6 Jun 23	18:41:00	1	0	36	0	Pn	0	1	8	12	7	8	15	9	1	12	15	12	10	15	15	8	6	5	13	14	15	1	15	2	15	1	1	1	11	11	10	15	15	15
26	6 Jun 23	18:42:00	1	0	36	0	MT	0	1	0	0	0	0	0	0	12	0	0	0	1	0	0	0	0	9	0	1	0	0	0	4	9	0	6	7	0	4	0	0	0	0
26	6 Jun 23	18:42:00	1	0	36	0	CT	0	1	0	0	0	0	2	0	23	0	0	0	23	1	0	0	0	14	0	4	0	0	0	17	14	0	13	22	0	7	0	0	0	0
26	6 Jun 23	18:42:00	1	0	36	0	Pn	0	1	8	12	7	8	15	9	13	12	15	12	9	15	15	8	6	6	13	15	15	1	15	4	10	1	7	8	11	15	10	15	15	15
27	6 Jun 23	18:43:00	1	0	36	0	MT	0	1	0	0	0	7	0	0	6	0	0	0	1	0	0	0	0	9	0	0	0	0	0	3	10	0	18	13	0	7	4	0	0	2
27	6 Jun 23	18:43:00	1	0	36	0	CT	0	1	0	0	0	10	6	0	14	0	0	0	22	9	0	0	0	9	0	0	0	0	0	3	15	0	25	18	0	10	10	6	0	7
27	6 Jun 23	18:43:00	1	0	36	0	Pn	0	1	8	12	7	7	15	9	11	12	15	12	8	15	15	8	6	15	13	15	15	1	15	1	14	1	5	9	11	8	10	15	15	13
28	6 Jun 23	18:44:00	1	0	36	0	MT	0	1	0	0	0	0	0	0	2	0	0	0	2	6	0	0	0	5	0	12	0	0	0	4	0	0	9	8	0	7	5	0	0	6
28	6 Jun 23	18:44:00	1	0	36	0	CT	0	1	0	6	0	1	0	0	10	0	0	0	20	40	2	0	0	29	0	18	0	0	0	7	0	0	20	29	0	9	30	0	0	13
28	6 Jun 23	18:44:00	1	0	36	0	Pn	0	1	8	12	7	7	15	9	9	12	15	12	10	9	15	8	6	10	13	3	15	1	15	1	14	1	6	1	11	1	11	15	15	7
29	6 Jun 23	18:45:00	1	0	36	0	MT	0	1	0	0	0	0	0	0	10	0	0	11	10	8	14	0	0	9	0	2	0	0	0	12	2	0	20	4	0	0	4	0	0	6
29	6 Jun 23	18:45:00	1	0	36	0	CT	0	1	0	0	0	0	0	0	19	0	0	16	24	18	19	0	0	23	0	18	0	0	0	15	10	0	26	16	0	0	25	0	0	9
29	6 Jun 23	18:45:00	1	0	36	0	Pn	0	1	8	12	7	7	15	9	15	12	15	1	10	1	1	8	6	1	13	1	15	1	15	1	12	1	4	5	11	1	7	15	15	1
30	6 Jun 23	18:46:00	1	0	36	0	MT	0	1	0	0	0	0	0	0	16	0	0	14	9	0	6	0	0	14	0	0	0	0	0	6	0	0	11	10	0	0	6	0	0	14
30	6 Jun 23	18:46:00	1	0	36	0	CT	0	1	0	0	0	0	1	0	24	0	0	15	35	0	25	0	0	22	0	0	0	0	0	12	11	0	21	14	0	0	21	0	0	19
30	6 Jun 23	18:46:00	1	0	36	0	Pn	0	1	8	12	7	7	15	9	7	12	15	15	1	1	7	8	6	15	13	1	15	1	15	1	12	1	9	15	11	1	7	15	15	15
31	6 Jun 23	18:47:00	1	0	36	0	MT	0	1	0	0	0	0	0	0	12	0	0	0	0	0	0	0	7	4	0	0	0	0	0	0	0	0	15	7	0	0	5	0	0	17
31	6 Jun 23	18:47:00	1	0	36	0	CT	0	1	0	0	0	0	0	0	31	0	0	0	7	0	0	0	9	27	0	0	0	0	0	0	12	0	24	10	0	0	28	0	0	24
31	6 Jun 23	18:47:00	1	0	36	0	Pn	0	1	8	12	7	7	15	9	13	12	15	15	1	1	7	8	3	11	13	1	15	1	15	1	12	1	6	8	11	1	6	15	15	4
32	6 Jun 23	18:48:00	1	0	36	0	MT	0	1	0	0	0	6	0	0	11	0	0	7	9	0	0	0	2	10	19	0	0	0	0	14	0	0	11	7	0	0	9	0	0	14
32	6 Jun 23	18:48:00	1	0	36	0	CT	0	1	0	0	0	11	0	0	26	0	0	11	13	2	0	0	12	16	23	0	0	0	0	20	8	0	16	27	0	0	22	0	0	24
32	6 Jun 23	18:48:00	1	0	36	0	Pn	0	1	8	12	7	13	15	9	10	12	15	8	10	1	7	8	5	1	8	1	15	1	15	15	12	1	7	1	11	1	9	15	15	12
33	6 Jun 23	18:49:00	1	0	36	0	MT	0	1	0	0	0	11	0	0	7	0	0	16	9	0	0	0	10	0	14	0	6	0	0	5	6	0	19	3	0	0	0	0	0	14
33	6 Jun 23	18:49:00	1	0	36	0	CT	0	1	0	2	0	28	0	0	9	0	2	23	19	17	0	0	13	0	19	0	17	0	0	7	20	0	26	15	0	0	4	0	0	28
33	6 Jun 23	18:49:00	1	0	36	0	Pn	0	1	8	12	7	6	15	9	13	12	15	12	3	1	7	8	15	1	8	1	9	1	15	10	12	1	4	4	11	1	9	15	15	4
34	6 Jun 23	18:50:00	1	0	36	0	MT	0	1	0	0	0	9	0	0	4	0	0	0	12	0	0	0	8	0	10	0	3	0	0	9	7	0	13	16	0	0	4	0	0	17
34	6 Jun 23	18:50:00	1	0	36	0	CT	0	1	0	1	0	35	0	0	7	0	0	1	26	0	0	0	8	0	31	0	12	0	0	10	28	0	18	21	0	0	15	0	0	23
34	6 Jun 23	18:50:00	1	0	36	0	Pn	0	1	8	12	7	15	15	9	9	12	15	12	15	1	7	8	7	1	12	1	6	1	15	1	9	1	11	10	11	1	7	15	15	15
35	6 Jun 23	18:51:00	1	0	36	0	MT	0	1	0	0	0	4	0	0	6	0	5	3	12	6	8	0	0	0	25	0	6	0	0	0	14	0	16	9	0	0	2	0	0	7
35	6 Jun 23	18:51:00	1	0	36	0	CT	0	1	0	3	1	13	0	0	11	0	5	12	17	15	10	0	0	0	33	0	18	0	0	3	29	0	24	36	0	0	24	0	0	15
35	6 Jun 23	18:51:00	1	0	36	0	Pn	0	1	8	12	7	11	15	9	15	12	10	15	9	7	15	8	7	1	15	1	8	1	15	1	15	1	3	1	11	1	5	15	15	8
36	6 Jun 23	18:52:00	1	0	36	0	MT	0	1	0	0	0	0	0	0	8	0	2	0	4	0	2	0	0	0	0	0	0	0	0	0	20	0	16	14	0	0	2	0	0	10
36	6 Jun 23	18:52:00	1	0	36	0	CT	0	1	2	4	1	2	0	0	16	0	5	2	20	1	3	0	0	0	0	0	11	0	0	0	40	0	29	17	0	4	32	0	0	15
36	6 Jun 23	18:52:00	1	0	36	0	Pn	0	1	8	12	7	11	15	9	13	12	8	15	7	7	13	8	7	1	15	1	8	1	15	1	15	1	15	15	11	1	3	15	15	14
37	6 Jun 23	18:53:00	1	0	36	0	MT	0	1	0	0	0	0	0	0	0	0	4	0	8	7	0	0	6	0	0	0	1	0	0	0	2	0	14	12	0	7	12	0	0	1
37	6 Jun 23	18:53:00	1	0	36	0	CT	0	1	0	1	0	0	2	0	13	0	6	0	30	11	0	0	10	1	0	0	29	0	0	0	12	0	25	27	0	12	29	0	0	2
37	6 Jun 23	18:53:00	1	0	36	0	Pn	0	1	8	12	7	11	15	9	13	12	4	15	15	14	13	8	1	1	15	1	9	1	15	1	13	1	1	3	11	8	15	15	15	15
38	6 Jun 23	18:54:00	1	0	36	0	MT	0	1	0	0	0	0	0	0	0	1	0	0	7	1	0	0	3	9	0	0	9	0	0	0	2	0	13	2	0	0	5	0	7	14
38	6 Jun 23	18:54:00	1	0	36	0	CT	0	1	0	0	0	0	0	0	0	5	0	0	35	2	0	0	9	30	0	0	15	0	0	2	12	0	30	4	0	0	16	0	22	15
38	6 Jun 23	18:54:00	1	0	36	0	Pn	0	1	8	12	7	11	15	9	13	11	4	15	12	15	13	8	4	10	15	1	12	1	15	1	15	1	14	1	11	8	10	15	12	1
39	6 Jun 23	18:55:00	1	0	36	0	MT	0	1	0	0	0	2	0	0	6	1	0	0	2	5	2	0	10	5	3	0	8	0	0	0	26	0	12	13	0	0	4	0	1	0
39	6 Jun 23	18:55:00	1	0	36	0	CT	0	1	0	0	0	12	0	0	18	4	0	0	12	13	2	0	46	9	4	0	33	0	0	1	40	0	23	34	0	0	20	0	5	3
39	6 Jun 23	18:55:00	1	0	36	0	Pn	0	1	8	12	7	9	15	9	7	10	4	15	10	10	11	8	6	15	12	1	4	1	15	1	15	1	2	14	11	8	10	15	13	1
40	6 Jun 23	18:56:00	1	0	36	0	MT	0	1	0	0	0	5	0	0	11	3	0	0	1	14	1	0	6	7	0	0	6	0	0	14	11	0	7	1	0	5	0	0	0	14
40	6 Jun 23	18:56:00	1	0	36	0	CT	0	1	0	0	0	24	0	0	30	19	0	6	12	25	1	0	32	27	0	0	23	0	0	13	24	0	20	1	0	9	16	0	0	16
40	6 Jun 23	18:56:00	1	0	36	0	Pn	0	1	8	12	7	14	15	9	10	7	4	15	9	14	10	8	4	8	12	1	6	1	15	15	10	1	7	15	11	13	10	15	13	15
41	6 Jun 23	18:57:00	1	0	36	0	MT	0	1	0	0	0	0	0	0	14	1	0	32	1	1	0	0	3	7	0	0	4	0	0	14	5	0	13	10	0	2	7	0	0	0
41	6 Jun 23	18:57:00	1	0	36	0	CT	0	1	0	0	0	0	1	0	20	34	0	37	10	2	0	0	15	30	0	0	13	4	0	19	13	0	26	36	0	3	29	0	0	0
41	6 Jun 23	18:57:00	1	0	36	0	Pn	0	1	8	12	7	14	15	9	14	6	4	15	8	15	10	8	7	1	12	1	10	1	15	1	15	1	4	5	11	15	7	15	13	15
42	6 Jun 23	18:58:00	1	0	36	0	MT	0	1	0	0	0	0	0	0	4	9	0	21	1	0	0	0	25	11	0	0	4	14	0	8	17	0	10	4	0	7	2	3	0	3
42	6 Jun 23	18:58:00	1	0	36	0	CT	0	1	3	0	0	0	0	0	12	15	0	32	25	0	0	0	32	17	0	0	15	22	0	15	35	0	19	12	0	11	7	6	0	5
42	6 Jun 23	18:58:00	1	0	36	0	Pn	0	1	8	12	7	14	15	9	12	8	4	10	7	15	10	8	6	12	12	1	14	15	15	1	2	1	8	1	11	8	9	12	13	12
43	6 Jun 23	18:59:00	1	0	36	0	MT	0	1	0	0	0	0	0	0	13	2	0	1	8	6	0	0	13	3	0	0	8	0	0	4	11	0	21	0	0	7	6	0	0	3
43	6 Jun 23	18:59:00	1	0	36	0	CT	0	1	0	0	0	0	0	27	22	7	0	3	27	22	0	0	19	15	0	0	10	2	0	9	11	0	33	0	0	10	30	0	0	14
43	6 Jun 23	18:59:00	1	0	36	0	Pn	0	1	8	12	7	14	15	9	15	9	4	11	15	15	10	8	15	15	12	1	8	15	15	1	13	1	1	1	11	1	3	12	13	9
44	6 Jun 23	19:00:00	1	0	36	0	MT	0	1	0	0	0	0	0	0	4	0	0	2	0	0	0	0	11	0	0	0	4	3	0	6	17	0	9	0	0	0	9	0	2	3
44	6 Jun 23	19:00:00	1	0	36	0	CT	0	1	0	0	0	0	0	51	9	3	0	28	0	1	0	0	21	0	0	0	33	29	0	12	23	0	13	0	0	0	33	0	4	5
44	6 Jun 23	19:00:00	1	0	36	0	Pn	0	1	8	12	7	14	15	9	15	9	4	13	15	15	10	8	4	15	12	1	4	12	15	1	6	1	10	1	11	1	6	12	15	6
45	6 Jun 23	19:01:00	1	0	36	0	MT	0	1	0	0	0	0	0	0	0	8	0	11	10	0	12	0	13	0	10	0	4	10	0	3	0	0	2	0	0	4	2	0	0	5
45	6 Jun 23	19:01:00	1	0	36	0	CT	0	1	5	0	0	0	0	51	3	22	0	17	18	0	18	0	28	0	11	0	23	39	0	14	3	0	6	0	0	18	36	0	25	10
45	6 Jun 23	19:01:00	1	0	36	0	Pn	0	1	8	12	7	14	15	9	15	11	4	6	5	15	8	8	13	15	8	1	8	2	15	4	6	1	12	1	11	5	4	12	15	1
46	6 Jun 23	19:02:00	1	0	36	0	MT	0	1	0	0	0	0	6	0	0	5	0	19	4	0	0	3	2	10	0	0	0	1	0	11	0	0	26	0	0	5	2	0	0	14
46	6 Jun 23	19:02:00	1	0	36	0	CT	0	1	2	0	0	0	10	9	15	20	0	22	13	0	1	6	13	26	0	0	15	5	0	21	1	0	32	0	0	11	21	0	0	17
46	6 Jun 23	19:02:00	1	0	36	0	Pn	0	1	8	12	7	14	9	9	15	6	4	15	1	15	8	5	15	5	8	1	8	1	15	1	6	1	10	1	11	10	6	12	15	15
47	6 Jun 23	19:03:00	1	0	36	0	MT	0	1	0	0	0	0	1	1	0	3	0	23	23	4	0	15	16	7	0	0	0	0	0	6	0	0	11	0	0	5	12	3	0	0
47	6 Jun 23	19:03:00	1	0	36	0	CT	0	1	1	0	0	0	4	8	1	13	0	27	37	8	0	23	20	35	0	0	6	0	0	15	0	0	26	0	0	6	26	4	0	0
47	6 Jun 23	19:03:00	1	0	36	0	Pn	0	1	8	12	7	14	8	10	15	9	4	12	4	15	8	14	3	4	8	1	8	1	15	1	6	1	3	1	11	15	12	9	15	15
48	6 Jun 23	19:04:00	1	0	36	0	MT	0	1	0	0	0	0	0	1	0	6	0	20	3	6	0	12	25	11	0	0	0	0	0	0	3	0	20	3	11	6	8	0	0	0
48	6 Jun 23	19:04:00	1	0	36	0	CT	0	1	1	0	0	0	0	14	12	14	0	27	9	17	0	15	35	21	0	0	0	2	0	1	12	0	30	24	15	7	41	0	1	0
48	6 Jun 23	19:04:00	1	0	36	0	Pn	0	1	8	12	7	14	8	11	15	15	4	6	1	15	8	4	2	15	8	1	8	1	15	1	9	1	7	4	8	9	8	9	15	15
49	6 Jun 23	19:05:00	1	0	36	0	MT	0	1	0	0	0	0	0	0	0	5	0	9	8	0	0	23	11	8	0	0	0	0	0	6	6	0	6	11	2	8	10	0	0	18
49	6 Jun 23	19:05:00	1	0	36	0	CT	0	1	2	0	0	0	0	4	2	27	0	9	17	7	0	34	16	18	0	0	0	0	0	20	32	0	17	17	19	9	30	0	1	25
49	6 Jun 23	19:05:00	1	0	36	0	Pn	0	1	8	12	7	14	8	11	15	10	4	15	9	15	8	3	11	7	8	1	8	1	15	1	5	1	1	15	6	1	12	9	15	5
50	6 Jun 23	19:06:00	1	0	36	0	MT	0	1	0	0	0	0	0	0	6	1	0	25	24	6	0	18	17	6	0	2	0	5	0	0	23	0	14	10	7	3	5	0	3	10
50	6 Jun 23	19:06:00	1	0	36	0	CT	0	1	1	0	0	0	0	0	25	17	0	32	33	11	0	24	19	21	0	4	0	11	0	17	33	0	23	34	19	11	35	0	6	13
50	6 Jun 23	19:06:00	1	0	36	0	Pn	0	1	8	12	7	14	8	11	13	9	4	14	11	15	8	7	2	1	8	3	8	6	15	1	12	1	15	5	7	4	11	9	12	15
51	6 Jun 23	19:07:00	1	0	36	0	MT	0	1	0	0	0	0	0	0	8	1	0	3	13	3	0	11	4	9	0	7	0	9	0	6	16	0	12	4	2	8	3	0	4	14
51	6 Jun 23	19:07:00	1	0	36	0	CT	0	1	0	0	0	0	0	0	24	12	0	14	42	10	0	28	11	37	0	23	0	9	0	19	32	0	22	9	9	13	27	0	6	16
51	6 Jun 23	19:07:00	1	0	36	0	Pn	0	1	8	12	7	14	8	11	13	8	4	13	12	12	8	8	4	10	8	10	8	15	15	1	12	1	3	1	9	12	8	9	12	1
52	6 Jun 23	19:08:00	1	0	36	0	MT	0	1	0	0	0	0	0	0	5	0	0	26	1	3	0	1	11	5	0	1	5	11	0	6	1	0	2	0	4	3	2	0	11	0
52	6 Jun 23	19:08:00	1	0	36	0	CT	0	1	0	0	0	0	0	0	21	11	0	43	27	4	0	28	16	8	0	33	18	23	0	11	10	0	5	0	38	5	28	0	17	0
52	6 Jun 23	19:08:00	1	0	36	0	Pn	0	1	8	12	7	14	8	11	12	8	4	15	11	15	8	7	15	15	8	11	13	12	15	3	11	1	1	1	13	15	10	9	15	1
53	6 Jun 23	19:09:00	1	0	36	0	MT	0	1	0	0	0	0	0	0	7	11	0	12	12	10	0	14	12	14	0	4	0	3	0	2	9	0	6	0	0	14	4	0	26	14
53	6 Jun 23	19:09:00	1	0	36	0	CT	0	1	1	1	0	0	0	0	17	18	0	15	30	21	0	24	24	26	0	24	4	9	0	6	10	0	18	0	1	18	36	1	30	16
53	6 Jun 23	19:09:00	1	0	36	0	Pn	0	1	8	12	7	14	8	11	13	9	4	3	7	15	8	11	3	1	8	15	13	15	15	1	8	1	7	1	13	1	6	9	15	15
54	6 Jun 23	19:10:00	1	0	36	0	MT	0	1	0	0	0	7	0	0	5	8	0	16	3	0	0	24	5	5	0	0	0	3	0	0	0	0	1	0	0	0	3	0	0	2
54	6 Jun 23	19:10:00	1	0	36	0	CT	0	1	0	0	0	14	0	0	22	16	0	23	34	0	0	33	8	34	0	0	3	7	0	6	12	0	10	0	0	0	14	0	0	3
54	6 Jun 23	19:10:00	1	0	36	0	Pn	0	1	8	12	7	11	8	11	14	13	4	15	6	15	8	15	4	6	8	15	13	12	15	1	8	1	8	1	13	1	9	9	15	13
55	6 Jun 23	19:11:00	1	0	36	0	MT	0	1	0	0	0	7	0	0	1	4	0	15	2	6	0	13	4	9	0	2	5	9	0	0	7	0	15	13	0	0	0	0	19	0
55	6 Jun 23	19:11:00	1	0	36	0	CT	0	1	0	0	0	15	0	2	7	18	0	23	50	12	0	23	15	20	0	7	8	21	0	4	13	0	20	24	0	1	19	0	25	0
55	6 Jun 23	19:11:00	1	0	36	0	Pn	0	1	8	12	7	8	8	11	15	9	4	4	4	15	8	8	8	15	8	13	12	3	15	1	15	1	7	14	13	1	9	9	6	13
56	6 Jun 23	19:12:00	1	0	36	0	MT	0	1	0	0	0	0	0	0	6	11	0	15	6	0	0	0	14	4	0	12	1	1	0	4	3	0	12	1	0	6	2	0	28	0
56	6 Jun 23	19:12:00	1	0	36	0	CT	0	1	0	0	0	0	0	0	19	18	0	20	25	1	0	7	20	6	0	21	8	7	0	13	16	0	18	14	0	14	22	0	36	0
56	6 Jun 23	19:12:00	1	0	36	0	Pn	0	1	8	12	7	8	8	11	15	10	4	11	4	15	8	8	6	11	8	1	11	2	15	1	12	1	7	15	13	7	7	9	6	13
57	6 Jun 23	19:13:00	1	0	36	0	MT	0	1	0	0	0	0	1	0	4	1	0	2	3	9	0	0	21	10	0	0	8	1	0	0	3	0	3	2	0	6	1	0	6	0
57	6 Jun 23	19:13:00	1	0	36	0	CT	0	1	0	0	0	1	2	0	16	5	0	8	7	29	0	20	28	21	0	0	23	2	0	0	3	0	17	3	0	12	19	0	7	0
57	6 Jun 23	19:13:00	1	0	36	0	Pn	0	1	8	12	7	8	7	11	15	9	4	9	1	6	8	8	3	1	8	1	3	1	15	1	15	1	10	13	13	13	6	9	12	13
58	6 Jun 23	19:14:00	1	0	36	0	MT	0	1	0	0	0	0	0	0	0	2	0	7	5	8	0	0	18	6	0	0	7	0	0	6	17	0	19	12	0	2	3	0	1	1
58	6 Jun 23	19:14:00	1	0	36	0	CT	0	1	0	0	0	0	0	0	5	11	0	9	27	24	0	1	25	37	0	0	26	0	0	12	28	0	28	22	0	2	24	0	14	3
58	6 Jun 23	19:14:00	1	0	36	0	Pn	0	1	8	12	7	8	7	11	15	7	4	2	6	14	8	8	13	7	8	1	10	1	15	1	14	1	1	1	13	15	7	9	13	12
59	6 Jun 23	19:15:00	1	0	36	0	MT	0	1	0	0	0	0	0	0	0	10	0	0	19	1	0	0	24	8	0	0	5	0	14	0	0	0	11	0	0	0	7	0	0	0
59	6 Jun 23	19:15:00	1	0	36	0	CT	0	1	0	6	0	0	0	0	10	26	0	0	28	9	0	0	25	9	0	0	13	0	17	4	3	0	15	7	0	0	8	0	0	0
59	6 Jun 23	19:15:00	1	0	36	0	Pn	0	1	8	12	7	8	7	11	15	13	4	2	15	15	8	8	13	15	8	1	15	1	1	1	14	1	12	1	13	15	14	9	13	12
60	6 Jun 23	19:16:00	1	0	36	0	MT	0	1	0	7	0	12	0	0	8	1	0	4	8	7	0	0	22	11	0	0	0	0	14	4	1	0	15	0	0	10	5	0	1	0
60	6 Jun 23	19:16:00	1	0	36	0	CT	0	1	0	24	0	17	0	0	22	32	0	7	21	13	0	0	27	23	0	0	0	0	19	16	13	0	18	7	0	16	14	0	2	0
60	6 Jun 23	19:16:00	1	0	36	0	Pn	0	1	8	15	7	8	7	11	15	12	4	4	15	8	8	8	7	4	8	1	15	1	15	1	15	1	5	1	13	5	15	9	14	12
61	6 Jun 23	19:17:00	1	0	36	0	MT	0	1	0	11	0	11	0	0	4	0	0	11	16	10	0	0	18	8	0	0	0	0	21	0	0	0	4	14	0	4	7	0	0	0
61	6 Jun 23	19:17:00	1	0	36	0	CT	0	1	0	20	0	18	1	0	13	35	0	13	22	27	0	0	28	15	0	1	0	0	26	9	1	0	20	34	0	6	38	0	0	0
61	6 Jun 23	19:17:00	1	0	36	0	Pn	0	1	8	4	7	11	7	11	15	12	4	15	15	14	8	8	5	6	8	1	15	1	8	1	15	1	9	15	13	1	12	9	14	12
62	6 Jun 23	19:18:00	1	0	36	0	MT	0	1	1	19	0	3	0	0	10	1	0	0	21	1	0	0	4	9	0	14	0	0	0	3	6	0	13	8	0	0	11	1	0	0
62	6 Jun 23	19:18:00	1	0	36	0	CT	0	1	3	25	0	21	6	0	21	46	0	2	36	5	0	0	12	9	0	17	0	3	3	21	20	0	21	23	0	0	31	1	0	0
62	6 Jun 23	19:18:00	1	0	36	0	Pn	0	1	7	13	7	8	7	11	15	11	4	15	14	15	8	8	1	15	8	15	15	1	8	4	9	1	8	7	13	1	15	8	14	12
63	6 Jun 23	19:19:00	1	0	36	0	MT	0	1	20	26	0	6	0	0	7	4	11	6	4	4	0	0	6	0	0	0	4	8	7	3	6	0	11	6	0	0	2	0	0	2
63	6 Jun 23	19:19:00	1	0	36	0	CT	0	1	29	31	0	29	10	0	26	12	14	5	25	10	0	0	10	0	0	3	10	23	18	14	11	0	17	15	0	4	9	0	0	5
63	6 Jun 23	19:19:00	1	0	36	0	Pn	0	1	15	15	7	10	7	11	12	7	15	9	10	11	8	8	7	15	8	15	11	9	15	1	15	1	5	1	13	1	13	8	14	10
64	6 Jun 23	19:20:00	1	0	36	0	MT	0	1	26	18	0	0	3	0	10	6	28	3	6	10	0	0	15	3	7	4	3	3	0	6	4	0	19	14	0	9	4	0	0	0
64	6 Jun 23	19:20:00	1	0	36	0	CT	0	1	44	39	1	7	22	0	30	20	32	5	25	14	0	0	18	6	11	11	11	34	2	17	17	0	25	27	0	15	51	0	0	0
64	6 Jun 23	19:20:00	1	0	36	0	Pn	0	1	13	5	7	10	4	11	2	1	15	6	8	1	8	8	6	12	15	11	8	12	15	3	11	1	6	15	13	10	9	8	14	10
65	6 Jun 23	19:21:00	1	0	36	0	MT	0	1	13	26	0	0	0	0	1	4	14	16	0	0	0	0	9	8	0	10	9	7	23	2	4	0	10	0	0	1	4	3	0	0
65	6 Jun 23	19:21:00	1	0	36	0	CT	0	1	41	31	0	27	4	0	11	10	25	25	13	0	0	0	13	35	0	29	12	10	28	12	4	0	27	11	0	1	32	11	0	0
65	6 Jun 23	19:21:00	1	0	36	0	Pn	0	1	4	7	7	10	4	11	1	5	1	12	8	1	8	8	5	4	15	1	3	11	10	1	15	1	6	15	13	11	5	5	14	10
66	6 Jun 23	19:22:00	1	0	36	0	MT	0	1	31	20	0	0	4	0	0	9	14	0	0	0	0	0	0	12	0	0	3	10	5	6	10	0	11	13	0	4	2	0	0	0
66	6 Jun 23	19:22:00	1	0	36	0	CT	0	1	35	31	0	16	39	0	0	23	23	0	15	7	0	0	0	19	0	0	14	26	23	13	23	0	17	28	0	6	36	0	0	0
66	6 Jun 23	19:22:00	1	0	36	0	Pn	0	1	1	15	7	10	8	11	1	14	15	12	8	1	8	8	5	10	15	1	6	1	15	1	5	1	13	2	13	15	3	5	14	10
67	6 Jun 23	19:23:00	1	0	36	0	MT	0	1	24	4	0	0	1	0	8	9	28	3	10	7	0	0	0	5	0	14	3	0	0	2	7	0	17	1	0	8	2	0	1	0
67	6 Jun 23	19:23:00	1	0	36	0	CT	0	1	30	9	0	0	43	0	12	17	30	4	13	13	0	0	0	9	0	15	25	0	7	17	16	0	25	9	0	11	19	0	4	0
67	6 Jun 23	19:23:00	1	0	36	0	Pn	0	1	5	11	7	10	9	11	9	5	15	15	12	8	8	8	5	15	15	15	9	1	15	3	8	1	6	1	13	7	1	5	15	10
68	6 Jun 23	19:24:00	1	0	36	0	MT	0	1	15	24	0	0	6	0	6	15	28	0	8	0	0	0	0	14	0	0	6	0	2	2	0	0	9	6	0	6	0	0	0	0
68	6 Jun 23	19:24:00	1	0	36	0	CT	0	1	28	41	0	0	9	0	11	27	33	0	52	4	0	0	0	35	0	0	33	0	30	13	10	0	21	21	0	6	8	0	0	0
68	6 Jun 23	19:24:00	1	0	36	0	Pn	0	1	12	15	7	10	15	11	15	12	15	15	4	8	8	8	5	1	15	15	15	1	13	1	8	1	15	1	13	1	1	5	15	10
69	6 Jun 23	19:25:00	1	0	36	0	MT	0	1	10	3	0	0	0	0	12	8	11	0	17	0	0	0	0	6	3	6	10	0	14	0	0	0	17	0	0	4	0	1	0	0
69	6 Jun 23	19:25:00	1	0	36	0	CT	0	1	17	19	0	0	0	0	25	19	19	0	35	0	0	0	0	24	9	17	28	0	28	7	7	0	29	0	0	13	3	3	0	0
69	6 Jun 23	19:25:00	1	0	36	0	Pn	0	1	8	12	7	10	15	11	3	8	4	15	15	8	8	8	5	7	12	9	9	1	3	1	8	1	4	1	13	5	1	4	15	10
70	6 Jun 23	19:26:00	1	0	36	0	MT	0	1	1	0	0	0	0	0	2	0	17	0	5	0	0	0	0	8	5	8	0	0	8	0	0	0	25	0	0	4	0	0	0	2
70	6 Jun 23	19:26:00	1	0	36	0	CT	0	1	18	1	0	0	0	0	15	11	26	0	12	0	0	0	0	24	9	27	19	0	14	20	2	0	32	0	0	5	2	7	0	6
70	6 Jun 23	19:26:00	1	0	36	0	Pn	0	1	7	12	7	10	15	11	1	8	15	15	10	8	8	8	5	15	7	15	9	1	11	1	8	1	1	1	13	9	1	4	15	8
71	6 Jun 23	19:27:00	1	0	36	0	MT	0	1	2	0	0	0	0	0	0	2	0	0	9	7	0	0	0	3	14	14	6	0	0	4	0	0	6	0	0	6	0	0	0	7
71	6 Jun 23	19:27:00	1	0	36	0	CT	0	1	3	0	0	0	0	0	0	11	0	0	16	13	0	0	0	6	21	25	14	0	0	9	1	0	19	0	0	11	1	0	17	10
71	6 Jun 23	19:27:00	1	0	36	0	Pn	0	1	5	12	7	10	15	11	1	10	15	15	1	15	8	8	5	12	9	1	15	1	11	1	8	1	7	1	13	15	1	4	15	1
72	6 Jun 23	19:28:00	1	0	36	0	MT	0	1	0	0	0	0	0	3	0	9	0	0	4	9	0	0	0	11	11	0	14	0	0	2	0	0	6	0	2	6	0	0	2	0
72	6 Jun 23	19:28:00	1	0	36	0	CT	0	1	1	0	0	0	1	6	4	13	0	0	13	24	0	0	0	26	20	0	29	3	0	14	0	0	14	0	5	13	0	0	7	0
72	6 Jun 23	19:28:00	1	0	36	0	Pn	0	1	5	12	7	10	15	8	1	1	15	15	5	10	8	8	5	1	10	1	15	1	11	3	8	1	13	1	15	9	1	4	13	1
73	6 Jun 23	19:29:00	1	0	36	0	MT	0	1	0	0	0	0	0	0	0	14	0	0	0	3	0	0	0	13	5	14	0	13	0	6	0	0	11	0	4	8	0	0	0	14
73	6 Jun 23	19:29:00	1	0	36	0	CT	0	1	0	0	0	0	0	6	0	18	0	0	3	35	0	0	0	33	5	15	0	37	0	22	1	0	18	1	7	9	0	0	0	19
73	6 Jun 23	19:29:00	1	0	36	0	Pn	0	1	5	12	7	10	15	8	1	15	15	15	5	13	8	8	5	14	15	15	15	14	11	1	8	1	6	1	11	1	1	4	13	15
74	6 Jun 23	19:30:00	1	0	36	0	MT	0	1	0	0	0	0	4	0	0	0	0	0	5	2	0	0	0	1	10	6	0	4	4	0	7	0	10	0	0	0	7	0	0	14
74	6 Jun 23	19:30:00	1	0	36	0	CT	0	1	0	0	0	0	5	0	0	0	0	0	29	6	0	0	0	2	12	12	0	8	7	0	17	0	13	0	1	0	12	0	0	17
74	6 Jun 23	19:30:00	1	0	36	0	Pn	0	1	5	12	7	10	11	8	1	15	15	15	6	15	8	8	5	15	5	9	15	12	15	1	15	1	6	1	11	1	8	4	13	1
75	6 Jun 23	19:31:00	1	0	36	0	MT	0	1	0	0	0	0	3	0	0	8	0	0	6	7	0	0	0	12	15	8	0	1	0	0	16	0	2	6	2	0	12	0	0	14
75	6 Jun 23	19:31:00	1	0	36	0	CT	0	1	0	0	0	0	7	0	0	10	0	0	18	24	0	0	0	40	23	34	0	8	0	12	37	0	7	21	3	0	19	0	0	34
75	6 Jun 23	19:31:00	1	0	36	0	Pn	0	1	5	12	7	10	8	8	1	7	15	15	12	14	8	8	5	3	6	1	15	11	15	1	15	1	8	7	9	1	10	4	13	15
76	6 Jun 23	19:32:00	1	0	36	0	MT	0	1	0	0	0	0	1	0	0	10	0	0	3	4	0	0	0	2	6	9	0	1	0	6	6	0	5	8	3	0	3	0	0	24
76	6 Jun 23	19:32:00	1	0	36	0	CT	0	1	0	1	0	0	5	0	9	13	0	0	9	22	0	0	0	26	20	12	0	2	0	17	13	0	12	10	9	0	21	0	0	32
76	6 Jun 23	19:32:00	1	0	36	0	Pn	0	1	5	12	7	10	7	8	1	5	15	15	15	12	8	8	5	1	12	10	15	10	15	1	9	1	13	15	6	1	7	4	13	15
77	6 Jun 23	19:33:00	1	0	36	0	MT	0	1	0	0	0	0	0	4	0	9	5	0	13	3	0	0	0	14	3	5	8	4	0	2	8	0	23	0	8	0	2	3	0	4
77	6 Jun 23	19:33:00	1	0	36	0	CT	0	1	0	0	0	0	0	21	1	26	6	0	35	2	0	0	0	27	7	5	14	9	0	47	18	0	31	0	15	0	11	6	0	6
77	6 Jun 23	19:33:00	1	0	36	0	Pn	0	1	5	12	7	10	7	4	1	14	10	15	6	15	8	8	5	15	15	15	13	6	15	3	1	1	12	15	4	1	9	1	13	11
78	6 Jun 23	19:34:00	1	0	36	0	MT	0	1	0	0	0	0	0	1	0	0	34	0	1	0	7	0	0	0	0	11	0	5	0	4	14	0	17	13	3	0	5	14	9	8
78	6 Jun 23	19:34:00	1	0	36	0	CT	0	1	0	0	0	0	0	6	0	13	38	0	27	10	10	0	0	0	1	20	12	25	0	18	28	0	24	25	10	3	17	16	19	11
78	6 Jun 23	19:34:00	1	0	36	0	Pn	0	1	5	12	7	10	7	3	1	14	4	15	7	15	15	8	5	15	15	4	13	1	15	3	15	1	1	2	7	1	10	15	12	3
79	6 Jun 23	19:35:00	1	0	36	0	MT	0	1	0	0	0	0	12	6	0	5	17	0	10	0	0	0	0	8	0	3	13	0	0	2	12	0	7	1	6	4	8	21	3	10
79	6 Jun 23	19:35:00	1	0	36	0	CT	0	1	0	0	5	0	19	20	0	11	22	0	28	0	0	0	0	33	0	4	31	0	0	10	39	0	16	4	7	11	20	48	12	27
79	6 Jun 23	19:35:00	1	0	36	0	Pn	0	1	5	12	7	10	3	7	1	9	15	15	1	15	15	8	5	7	15	1	6	1	15	1	9	1	8	1	13	5	6	8	15	13
80	6 Jun 23	19:36:00	1	0	36	0	MT	0	1	0	0	0	4	10	5	0	21	0	0	8	0	3	0	0	6	0	4	3	0	0	0	8	0	21	4	0	2	3	31	0	0
80	6 Jun 23	19:36:00	1	0	36	0	CT	0	1	0	0	0	15	42	13	0	32	0	0	18	3	4	0	0	17	0	5	28	0	0	0	28	0	43	20	1	4	16	34	0	32
80	6 Jun 23	19:36:00	1	0	36	0	Pn	0	1	5	12	7	10	13	12	1	14	15	15	1	15	12	8	5	1	15	5	5	1	15	1	13	1	1	5	13	7	9	3	15	13
81	6 Jun 23	19:37:00	1	0	36	0	MT	0	1	0	0	0	3	0	5	0	10	14	0	5	0	6	0	0	13	0	10	11	0	0	0	22	0	9	16	6	0	13	23	19	2
81	6 Jun 23	19:37:00	1	0	36	0	CT	0	1	0	0	0	7	30	18	0	24	24	0	47	0	8	0	0	24	0	10	31	0	0	0	38	0	27	21	7	0	28	26	30	10
81	6 Jun 23	19:37:00	1	0	36	0	Pn	0	1	5	12	7	13	13	13	1	4	5	15	2	15	6	8	5	14	15	15	10	1	15	1	11	1	10	9	11	7	12	7	6	15
82	6 Jun 23	19:38:00	1	0	36	0	MT	0	1	0	0	0	3	2	3	0	17	10	0	13	12	8	0	0	1	7	2	1	0	0	6	0	0	2	8	13	4	6	21	22	0
82	6 Jun 23	19:38:00	1	0	36	0	CT	0	1	0	8	0	13	9	22	0	26	11	0	21	30	24	0	0	2	8	4	10	0	0	10	12	0	14	18	23	6	25	23	28	0
82	6 Jun 23	19:38:00	1	0	36	0	Pn	0	1	5	12	7	12	15	10	1	15	15	15	15	11	4	8	5	15	8	13	11	1	15	1	11	1	8	1	4	11	10	15	2	15
83	6 Jun 23	19:39:00	1	0	36	0	MT	0	1	0	0	0	4	0	4	7	20	0	0	9	12	12	0	0	0	0	14	0	0	0	14	9	0	13	2	4	4	3	10	17	0
83	6 Jun 23	19:39:00	1	0	36	0	CT	0	1	0	0	0	18	0	16	15	27	0	0	39	25	18	0	0	0	0	17	36	0	0	35	35	0	24	7	27	9	43	13	29	0
83	6 Jun 23	19:39:00	1	0	36	0	Pn	0	1	5	12	7	12	15	10	8	15	15	15	6	15	12	8	5	15	8	11	11	1	15	15	8	1	7	3	8	15	7	11	13	15
84	6 Jun 23	19:40:00	1	0	36	0	MT	0	1	0	0	0	3	0	6	7	16	0	0	9	2	0	0	0	0	0	10	10	0	0	13	11	0	14	12	0	0	2	3	12	0
84	6 Jun 23	19:40:00	1	0	36	0	CT	0	1	0	1	0	19	0	24	22	28	0	0	26	5	0	0	0	0	0	15	30	1	0	24	21	0	19	20	0	1	37	7	24	0
84	6 Jun 23	19:40:00	1	0	36	0	Pn	0	1	5	12	7	15	15	10	15	3	15	15	15	13	12	8	5	15	8	1	9	1	15	2	1	1	9	15	8	15	9	14	11	15
85	6 Jun 23	19:41:00	1	0	36	0	MT	0	1	0	0	0	17	0	8	7	0	0	0	0	8	5	0	0	0	0	0	2	8	0	1	14	0	8	12	2	14	0	0	0	0
85	6 Jun 23	19:41:00	1	0	36	0	CT	0	1	0	1	0	26	0	20	14	10	0	0	19	29	6	0	0	0	0	1	10	15	0	21	36	0	10	28	15	18	2	1	23	0
85	6 Jun 23	19:41:00	1	0	36	0	Pn	0	1	5	12	7	14	15	8	8	3	15	15	15	15	13	8	5	15	8	1	11	9	15	1	15	1	1	3	10	1	9	14	11	15
86	6 Jun 23	19:42:00	1	0	36	0	MT	0	1	0	0	0	17	0	3	7	5	0	0	2	0	4	0	0	8	0	14	11	6	0	0	13	0	7	2	2	0	6	0	6	0
86	6 Jun 23	19:42:00	1	0	36	0	CT	0	1	0	2	0	30	0	16	9	28	0	0	39	0	6	0	0	30	1	14	32	33	0	0	23	0	14	3	20	0	27	0	20	0
86	6 Jun 23	19:42:00	1	0	36	0	Pn	0	1	5	12	7	15	15	11	15	8	15	15	13	15	9	8	5	7	8	15	8	15	15	1	6	1	8	1	12	1	15	14	13	15
87	6 Jun 23	19:43:00	1	0	36	0	MT	0	1	0	0	0	3	0	11	4	4	0	0	8	5	0	0	0	6	16	0	7	16	0	14	12	0	2	0	1	0	11	1	0	0
87	6 Jun 23	19:43:00	1	0	36	0	CT	0	1	0	6	0	16	0	20	21	47	0	0	21	26	0	0	0	16	19	0	12	21	0	18	28	0	17	0	22	0	40	2	9	0
87	6 Jun 23	19:43:00	1	0	36	0	Pn	0	1	5	12	7	12	15	12	11	12	15	15	15	10	9	8	5	1	10	15	15	15	15	15	12	1	10	1	13	1	12	15	13	15
88	6 Jun 23	19:44:00	1	0	36	0	MT	0	1	0	0	0	0	0	11	6	10	0	0	6	9	4	0	2	12	7	4	0	13	0	3	4	0	5	5	0	0	6	0	0	0
88	6 Jun 23	19:44:00	1	0	36	0	CT	0	1	0	0	6	0	0	23	18	24	0	0	26	18	11	0	2	26	25	7	2	32	0	5	15	0	10	36	0	1	33	6	0	0
88	6 Jun 23	19:44:00	1	0	36	0	Pn	0	1	5	12	7	12	15	1	15	6	15	15	15	1	9	8	7	13	13	11	15	2	15	12	8	1	15	6	13	1	10	15	13	15
89	6 Jun 23	19:45:00	1	0	36	0	MT	0	1	0	0	0	0	0	13	4	1	0	0	7	0	6	0	11	6	23	10	6	7	0	11	0	0	13	9	0	0	10	24	0	0
89	6 Jun 23	19:45:00	1	0	36	0	CT	0	1	0	0	5	0	12	27	17	15	0	0	32	0	8	0	16	11	27	14	11	30	0	34	12	0	18	14	0	9	28	28	1	0
89	6 Jun 23	19:45:00	1	0	36	0	Pn	0	1	5	12	7	12	15	14	11	5	15	15	12	1	15	8	4	11	14	1	9	9	15	1	8	1	2	15	13	1	8	11	13	15
90	6 Jun 23	19:46:00	1	0	36	0	MT	0	1	0	0	5	0	0	15	1	10	0	0	6	0	6	0	13	10	15	0	3	14	0	14	5	0	15	0	0	7	0	32	0	0
90	6 Jun 23	19:46:00	1	0	36	0	CT	0	1	0	0	20	0	6	24	19	22	0	0	42	0	12	0	40	36	19	0	9	23	0	52	10	0	21	0	0	7	21	34	0	0
90	6 Jun 23	19:46:00	1	0	36	0	Pn	0	1	5	12	8	12	15	1	10	15	15	15	6	1	9	8	1	1	1	1	10	7	15	15	13	1	15	15	13	8	8	15	13	15
91	6 Jun 23	19:47:00	1	0	36	0	MT	0	1	0	0	0	0	0	10	0	13	0	0	0	0	8	0	18	4	14	14	0	6	0	5	1	0	11	8	0	0	6	17	0	0
91	6 Jun 23	19:47:00	1	0	36	0	CT	0	1	0	1	37	0	5	15	5	22	0	0	13	0	12	0	20	6	17	15	8	15	0	27	29	0	14	13	0	1	30	24	0	0
91	6 Jun 23	19:47:00	1	0	36	0	Pn	0	1	5	12	8	12	15	11	10	14	15	15	6	1	1	8	11	5	15	15	10	1	15	10	14	1	4	15	13	8	2	12	13	15
92	6 Jun 23	19:48:00	1	0	36	0	MT	0	1	0	0	1	0	0	9	0	2	0	0	9	0	20	0	15	10	9	7	5	0	0	9	16	0	17	8	11	0	5	31	0	5
92	6 Jun 23	19:48:00	1	0	36	0	CT	0	1	0	0	11	0	0	27	0	12	0	0	31	0	21	0	23	11	13	27	32	0	0	16	27	0	26	32	24	0	22	34	0	9
92	6 Jun 23	19:48:00	1	0	36	0	Pn	0	1	5	12	7	12	15	8	10	12	15	15	15	1	9	8	6	15	14	8	15	1	15	11	10	1	15	7	6	8	1	15	13	10
93	6 Jun 23	19:49:00	1	0	36	0	MT	0	1	0	0	0	6	0	4	0	4	0	0	5	0	11	0	3	2	2	11	0	0	0	10	0	0	14	6	11	1	0	22	0	15
93	6 Jun 23	19:49:00	1	0	36	0	CT	0	1	0	32	0	9	2	18	0	15	0	0	8	2	12	0	7	28	5	18	0	0	0	31	14	0	21	9	23	3	0	32	0	21
93	6 Jun 23	19:49:00	1	0	36	0	Pn	0	1	5	12	7	10	15	4	10	8	15	15	10	1	4	8	3	13	12	15	15	1	15	1	10	1	1	1	9	9	1	9	13	7
94	6 Jun 23	19:50:00	1	0	36	0	MT	0	1	0	0	0	12	0	8	2	7	0	0	7	0	2	0	0	3	0	14	4	0	0	3	1	0	9	0	6	6	0	16	0	15
94	6 Jun 23	19:50:00	1	0	36	0	CT	0	1	0	14	0	23	0	25	1	12	0	0	31	7	10	0	23	28	0	26	18	0	0	15	6	0	21	0	17	8	0	23	2	24
94	6 Jun 23	19:50:00	1	0	36	0	Pn	0	1	5	12	7	6	15	12	12	1	15	15	7	1	6	8	3	10	12	1	11	1	15	4	11	1	10	1	15	15	1	5	13	8
95	6 Jun 23	19:51:00	1	0	36	0	MT	0	1	0	9	0	5	0	5	2	14	0	0	10	7	9	0	2	9	0	0	3	0	0	6	11	0	15	0	7	3	0	18	0	9
95	6 Jun 23	19:51:00	1	0	36	0	CT	0	1	0	14	0	21	0	11	8	36	0	0	30	14	11	0	33	22	0	1	23	0	0	23	34	0	24	13	16	5	0	20	0	20
95	6 Jun 23	19:51:00	1	0	36	0	Pn	0	1	5	9	7	11	15	7	14	15	15	15	1	8	15	8	1	1	12	1	8	1	15	4	10	1	5	1	12	12	1	15	13	15
96	6 Jun 23	19:52:00	1	0	36	0	MT	0	1	0	22	0	1	6	1	1	9	0	0	0	0	0	0	6	13	0	14	2	0	0	6	12	0	18	7	3	11	0	28	0	14
96	6 Jun 23	19:52:00	1	0	36	0	CT	0	1	0	30	0	3	7	4	3	24	0	0	0	2	0	0	17	24	0	14	3	0	0	18	17	0	26	20	9	11	0	35	0	16
96	6 Jun 23	19:52:00	1	0	36	0	Pn	0	1	5	15	7	12	9	6	15	6	15	15	1	8	15	8	7	14	12	15	10	1	15	4	8	1	15	8	15	1	1	15	13	1
97	6 Jun 23	19:53:00	1	0	36	0	MT	0	1	4	28	0	11	14	1	9	12	0	0	14	6	0	0	19	5	0	4	1	0	24	12	0	0	20	7	14	0	4	28	0	0
97	6 Jun 23	19:53:00	1	0	36	0	CT	0	1	12	35	1	19	39	10	21	16	0	0	16	11	0	0	24	14	0	6	9	1	30	29	13	0	26	8	22	0	14	31	0	0
97	6 Jun 23	19:53:00	1	0	36	0	Pn	0	1	1	15	7	15	15	5	14	8	15	15	15	14	15	8	4	11	12	11	11	1	11	2	8	1	7	15	1	1	5	15	13	1
98	6 Jun 23	19:54:00	1	0	36	0	MT	0	1	5	24	0	2	0	5	1	9	0	0	4	1	2	0	26	8	0	10	4	3	27	1	4	0	8	11	7	0	14	0	0	4
98	6 Jun 23	19:54:00	1	0	36	0	CT	0	1	8	45	0	3	26	18	2	20	0	0	18	1	14	0	33	34	0	20	37	9	41	37	10	0	11	33	14	0	29	23	0	5
98	6 Jun 23	19:54:00	1	0	36	0	Pn	0	1	6	15	7	13	15	10	15	13	15	15	11	15	13	8	6	3	12	1	15	4	10	1	8	1	15	4	8	1	11	15	13	5
99	6 Jun 23	19:55:00	1	0	36	0	MT	0	1	9	0	0	0	0	6	0	0	0	0	0	0	4	0	12	2	0	0	0	11	11	0	11	0	21	3	4	0	12	0	0	0
99	6 Jun 23	19:55:00	1	0	36	0	CT	0	1	54	3	0	0	4	27	0	37	0	0	32	0	17	4	17	13	0	0	0	16	13	18	20	0	28	5	8	0	29	55	0	0
99	6 Jun 23	19:55:00	1	0	36	0	Pn	0	1	15	15	7	13	15	12	15	13	15	15	11	15	9	8	8	1	12	1	15	15	9	1	1	1	8	1	12	1	15	15	13	5
100	6 Jun 23	19:56:00	1	0	36	0	MT	0	1	6	8	0	0	0	11	0	8	0	0	13	0	0	3	21	10	0	0	0	6	20	0	3	0	9	6	3	0	10	2	0	0
100	6 Jun 23	19:56:00	1	0	36	0	CT	0	1	7	17	2	0	0	22	0	18	0	0	24	0	0	15	28	31	0	0	0	17	34	0	13	0	22	15	18	0	25	9	0	0
100	6 Jun 23	19:56:00	1	0	36	0	Pn	0	1	9	13	7	13	15	1	15	5	15	15	4	15	9	5	1	11	12	1	15	9	13	1	4	1	13	7	15	1	5	13	13	5
101	6 Jun 23	19:57:00	1	0	36	0	MT	0	1	3	26	0	0	6	14	0	12	0	0	16	0	0	10	17	4	0	0	0	0	0	0	11	0	18	8	18	0	14	26	6	0
101	6 Jun 23	19:57:00	1	0	36	0	CT	0	1	6	32	0	0	17	26	13	21	0	0	23	0	0	19	19	18	0	0	0	2	12	0	31	0	27	10	27	0	28	28	8	0
101	6 Jun 23	19:57:00	1	0	36	0	Pn	0	1	6	15	7	13	9	11	15	15	15	15	14	15	9	15	12	15	12	1	15	9	13	1	15	1	7	15	9	1	11	15	7	5
102	6 Jun 23	19:58:00	1	0	36	0	MT	0	1	19	17	0	0	1	7	2	12	0	0	16	2	0	25	15	14	0	0	0	0	2	0	18	0	7	12	8	0	10	14	7	0
102	6 Jun 23	19:58:00	1	0	36	0	CT	0	1	29	28	0	0	11	22	27	20	0	0	41	4	0	38	27	27	0	0	0	0	9	3	24	0	20	23	11	0	24	19	12	0
102	6 Jun 23	19:58:00	1	0	36	0	Pn	0	1	15	4	7	13	8	4	13	15	15	15	4	13	9	6	5	1	12	1	15	9	15	1	11	1	14	3	13	1	15	1	8	5
103	6 Jun 23	19:59:00	1	0	36	0	MT	0	1	24	18	0	0	0	9	8	2	0	0	17	11	0	9	3	5	0	0	0	0	14	0	12	0	1	2	12	0	7	14	0	0
103	6 Jun 23	19:59:00	1	0	36	0	CT	0	1	28	32	0	0	0	19	16	7	0	0	44	24	0	15	8	14	0	0	0	3	17	2	24	0	2	6	17	0	24	19	0	0
103	6 Jun 23	19:59:00	1	0	36	0	Pn	0	1	15	8	7	13	8	7	13	13	15	15	15	12	9	15	8	6	12	1	15	9	1	1	13	1	15	1	1	1	8	15	8	5
104	6 Jun 23	20:00:00	1	0	36	0	MT	0	1	0	25	0	6	0	4	2	0	0	0	14	2	0	28	0	9	3	0	0	7	14	6	15	0	14	0	10	0	4	2	0	1
104	6 Jun 23	20:00:00	1	0	36	0	CT	0	1	4	39	0	11	0	13	15	0	0	0	38	5	0	34	0	14	4	0	0	19	18	25	27	0	21	5	20	0	12	3	0	5
104	6 Jun 23	20:00:00	1	0	36	0	Pn	0	1	15	7	7	7	8	11	15	13	15	15	11	14	9	1	8	15	9	1	15	2	15	1	4	1	1	1	11	1	8	13	8	6
105	6 Jun 23	20:01:00	1	0	36	0	MT	0	1	6	24	0	3	0	13	0	3	0	0	4	1	0	24	0	0	3	0	0	10	0	6	14	0	21	0	2	0	1	13	8	0
105	6 Jun 23	20:01:00	1	0	36	0	CT	0	1	13	32	0	16	0	20	0	7	0	0	20	8	0	35	0	14	9	0	0	43	4	32	29	0	27	4	9	0	31	18	12	0
105	6 Jun 23	20:01:00	1	0	36	0	Pn	0	1	9	11	7	8	8	6	15	10	15	15	15	15	9	1	8	15	6	1	15	2	15	7	12	1	8	1	13	1	9	4	10	6
106	6 Jun 23	20:02:00	1	0	36	0	MT	0	1	0	14	0	13	0	8	0	2	0	0	0	8	0	30	0	10	0	0	0	1	14	6	13	0	14	9	2	0	6	1	13	0
106	6 Jun 23	20:02:00	1	0	36	0	CT	0	1	6	23	0	30	0	33	0	23	0	0	11	27	0	37	0	38	0	2	0	5	29	23	20	0	25	13	3	0	18	19	15	0
106	6 Jun 23	20:02:00	1	0	36	0	Pn	0	1	9	5	7	13	8	6	15	8	15	15	15	15	9	15	8	5	6	1	15	1	1	1	9	1	8	10	15	1	15	5	15	6
107	6 Jun 23	20:03:00	1	0	36	0	MT	0	1	0	18	0	5	0	0	2	1	0	0	4	0	0	5	0	9	2	14	0	0	11	0	8	0	7	5	14	0	8	0	21	0
107	6 Jun 23	20:03:00	1	0	36	0	CT	0	1	0	30	0	24	0	25	11	12	0	0	18	0	0	8	0	22	2	15	0	0	17	10	24	0	17	19	20	0	27	0	24	0
107	6 Jun 23	20:03:00	1	0	36	0	Pn	0	1	9	7	7	8	8	6	13	7	15	15	15	15	9	10	8	6	8	15	15	1	12	1	11	1	15	15	1	1	13	5	8	6
108	6 Jun 23	20:04:00	1	0	36	0	MT	0	1	0	23	1	14	0	1	16	0	0	0	2	0	0	23	0	9	0	0	0	0	33	6	2	0	18	10	6	0	9	0	11	0
108	6 Jun 23	20:04:00	1	0	36	0	CT	0	1	0	33	7	18	0	4	22	1	0	0	4	0	0	26	0	12	0	0	0	0	40	27	9	0	29	37	9	0	35	0	26	0
108	6 Jun 23	20:04:00	1	0	36	0	Pn	0	1	9	12	6	12	8	7	1	7	15	15	13	15	9	15	8	15	8	15	15	1	13	3	13	1	5	5	7	1	8	5	11	6
109	6 Jun 23	20:05:00	1	0	36	0	MT	0	1	0	0	2	2	0	8	0	0	0	0	15	2	0	7	0	0	0	7	0	0	26	6	2	0	9	4	1	0	6	0	25	0
109	6 Jun 23	20:05:00	1	0	36	0	CT	0	1	0	5	18	10	0	25	8	0	0	0	21	10	0	23	0	0	0	18	0	0	37	38	2	0	26	9	17	0	24	0	31	0
109	6 Jun 23	20:05:00	1	0	36	0	Pn	0	1	9	12	8	10	8	11	1	7	15	15	4	13	9	8	8	15	8	8	15	1	15	1	15	1	14	1	8	1	10	5	10	6
110	6 Jun 23	20:06:00	1	0	36	0	MT	0	1	0	0	1	1	0	10	14	0	0	0	12	6	0	1	0	2	0	11	0	0	14	2	0	0	10	0	4	0	8	0	17	0
110	6 Jun 23	20:06:00	1	0	36	0	CT	0	1	1	0	8	9	0	26	23	0	0	0	43	16	0	9	0	6	0	21	0	0	42	8	0	0	15	0	5	0	39	0	20	0
110	6 Jun 23	20:06:00	1	0	36	0	Pn	0	1	9	12	9	9	8	5	1	7	15	15	8	15	9	7	8	13	8	15	15	1	1	3	15	1	6	1	12	1	2	5	11	6
111	6 Jun 23	20:07:00	1	0	36	0	MT	0	1	0	0	2	4	0	1	0	0	0	0	11	0	0	1	0	0	0	0	0	0	8	14	2	0	10	2	0	0	1	0	15	0
111	6 Jun 23	20:07:00	1	0	36	0	CT	0	1	0	1	14	12	0	10	2	1	0	0	22	5	0	3	0	5	0	0	0	0	28	20	8	0	24	14	0	0	41	0	19	0
111	6 Jun 23	20:07:00	1	0	36	0	Pn	0	1	9	12	7	13	8	4	1	7	15	15	5	15	9	6	8	13	8	15	15	1	9	13	13	1	6	3	12	1	1	5	6	6
112	6 Jun 23	20:08:00	1	0	36	0	MT	0	1	0	0	0	6	0	0	0	0	0	0	6	4	1	8	0	0	0	7	0	0	6	14	6	0	2	12	0	0	0	0	16	0
112	6 Jun 23	20:08:00	1	0	36	0	CT	0	1	0	0	0	22	0	11	1	0	0	0	10	14	2	13	0	1	0	14	0	0	10	39	18	0	9	18	0	0	5	0	20	0
112	6 Jun 23	20:08:00	1	0	36	0	Pn	0	1	9	12	7	7	8	4	1	7	15	15	1	11	8	8	8	13	8	8	15	1	15	3	15	1	8	15	12	1	1	5	6	6
113	6 Jun 23	20:09:00	1	0	36	0	MT	0	1	0	3	0	5	0	0	0	0	0	0	9	6	0	1	0	0	0	7	0	0	0	4	0	0	7	14	0	0	0	0	9	0
113	6 Jun 23	20:09:00	1	0	36	0	CT	0	1	0	12	15	20	0	10	1	0	0	0	12	16	0	3	0	0	0	14	0	0	0	18	4	0	12	33	0	0	0	0	25	0
113	6 Jun 23	20:09:00	1	0	36	0	Pn	0	1	9	9	7	6	8	4	1	7	15	15	10	15	8	9	8	13	8	1	15	1	15	1	15	1	15	1	12	1	1	5	15	6
114	6 Jun 23	20:10:00	1	0	36	0	MT	0	1	0	36	10	7	0	2	0	6	0	0	19	0	0	0	0	0	0	0	3	0	0	0	6	0	0	2	0	0	11	0	0	0
114	6 Jun 23	20:10:00	1	0	36	0	CT	0	1	0	41	14	21	0	8	0	17	0	0	35	14	0	1	0	0	0	0	7	0	0	4	25	0	0	9	0	0	18	0	1	0
114	6 Jun 23	20:10:00	1	0	36	0	Pn	0	1	9	1	13	13	8	6	1	1	15	15	15	15	8	9	8	13	8	1	12	1	15	1	9	1	15	3	12	1	12	5	15	6
115	6 Jun 23	20:11:00	1	0	36	0	MT	0	1	0	33	18	9	0	8	5	13	0	0	8	0	0	0	1	0	0	12	2	0	0	0	6	0	9	12	10	0	8	0	0	0
115	6 Jun 23	20:11:00	1	0	36	0	CT	0	1	2	46	26	29	0	22	22	16	0	0	22	0	0	0	1	1	0	15	3	0	0	4	21	0	12	15	14	0	30	0	2	0
115	6 Jun 23	20:11:00	1	0	36	0	Pn	0	1	9	6	11	10	8	6	6	14	15	15	15	15	8	9	9	13	8	13	10	1	15	1	15	1	6	15	8	1	10	5	15	6
116	6 Jun 23	20:12:00	1	0	36	0	MT	0	1	0	32	3	3	0	5	6	4	0	0	0	15	0	0	13	0	0	2	0	0	22	14	8	0	14	7	15	0	6	0	11	0
116	6 Jun 23	20:12:00	1	0	36	0	CT	0	1	1	44	4	15	0	33	32	11	0	0	1	36	0	0	22	9	0	9	3	0	37	25	21	0	25	9	36	0	25	0	14	0
116	6 Jun 23	20:12:00	1	0	36	0	Pn	0	1	9	10	14	13	8	11	2	12	15	15	15	8	8	9	10	13	8	15	10	1	9	15	13	1	10	8	7	1	8	5	4	6
117	6 Jun 23	20:13:00	1	0	36	0	MT	0	1	0	25	0	0	0	7	6	13	0	0	0	7	0	0	9	0	0	0	0	0	6	10	7	0	5	7	4	0	6	0	12	1
117	6 Jun 23	20:13:00	1	0	36	0	CT	0	1	0	41	2	0	0	21	15	31	0	0	0	11	0	0	13	6	0	20	0	0	6	17	20	0	9	10	33	0	26	0	16	2
117	6 Jun 23	20:13:00	1	0	36	0	Pn	0	1	9	7	14	13	8	12	6	3	15	15	15	15	8	9	3	13	8	15	10	1	15	5	10	1	15	1	11	1	6	5	10	7
118	6 Jun 23	20:14:00	1	0	36	0	MT	0	1	0	20	0	4	2	4	13	5	0	0	0	0	0	0	1	0	0	13	5	0	0	16	0	0	4	0	0	0	13	0	8	0
118	6 Jun 23	20:14:00	1	0	36	0	CT	0	1	0	24	1	19	5	18	19	10	0	0	0	5	0	0	3	2	0	40	16	0	0	27	17	0	6	3	0	0	31	0	9	0
118	6 Jun 23	20:14:00	1	0	36	0	Pn	0	1	9	3	14	9	6	8	11	8	15	15	15	15	8	9	2	13	8	12	15	1	15	13	10	1	11	1	11	1	15	5	12	7
119	6 Jun 23	20:15:00	1	0	36	0	MT	0	1	1	23	0	1	12	4	6	0	0	0	3	5	0	0	0	0	0	3	8	0	0	12	6	0	17	0	0	0	7	0	15	0
119	6 Jun 23	20:15:00	1	0	36	0	CT	0	1	6	32	0	30	29	12	20	0	0	0	15	13	0	0	0	1	0	9	15	0	0	26	9	0	31	9	0	0	16	0	16	0
119	6 Jun 23	20:15:00	1	0	36	0	Pn	0	1	8	8	14	8	10	12	15	8	15	15	12	10	8	9	2	13	8	15	11	1	15	5	12	1	8	1	11	1	8	5	11	7
120	6 Jun 23	20:16:00	1	0	36	0	MT	0	1	0	21	0	0	0	6	14	6	0	0	11	7	0	0	0	0	0	0	2	0	0	10	2	0	20	0	0	0	2	0	0	0
120	6 Jun 23	20:16:00	1	0	36	0	CT	0	1	0	25	0	2	13	18	29	18	0	0	14	18	0	0	0	3	0	3	13	0	0	24	16	0	44	0	0	0	8	0	2	0
120	6 Jun 23	20:16:00	1	0	36	0	Pn	0	1	8	15	14	8	10	10	15	14	15	15	1	15	8	9	2	13	8	15	13	1	15	3	10	1	2	1	11	1	10	5	11	7
121	6 Jun 23	20:17:00	1	0	36	0	MT	0	1	0	3	0	0	5	0	27	2	0	0	7	14	0	0	0	0	0	0	17	0	0	5	0	0	15	3	1	0	7	0	0	0
121	6 Jun 23	20:17:00	1	0	36	0	CT	0	1	0	30	0	0	24	8	35	20	0	0	17	24	0	0	0	0	0	0	36	0	0	16	18	0	20	16	3	0	22	0	0	0
121	6 Jun 23	20:17:00	1	0	36	0	Pn	0	1	8	12	14	8	15	10	14	12	15	15	8	1	8	9	2	13	8	15	4	1	15	4	10	1	15	4	12	1	13	5	11	7
122	6 Jun 23	20:18:00	1	0	36	0	MT	0	1	0	24	0	0	0	0	11	0	6	0	0	0	0	0	0	0	0	14	7	0	0	13	4	0	14	11	0	0	8	0	0	0
122	6 Jun 23	20:18:00	1	0	36	0	CT	0	1	0	39	0	0	24	8	19	8	9	0	6	0	0	0	0	0	0	22	28	0	0	21	23	0	20	13	0	0	23	1	1	0
122	6 Jun 23	20:18:00	1	0	36	0	Pn	0	1	8	14	14	8	15	10	15	12	9	15	8	1	8	9	2	13	8	1	11	1	15	13	12	1	1	15	12	1	5	5	11	7
123	6 Jun 23	20:19:00	1	0	36	0	MT	0	1	0	29	0	0	0	0	14	1	2	0	15	0	0	0	0	2	0	3	4	0	0	11	0	0	14	13	0	0	11	1	0	0
123	6 Jun 23	20:19:00	1	0	36	0	CT	0	1	0	36	0	0	6	1	27	49	41	0	31	0	0	0	0	2	0	5	29	3	0	29	0	0	16	30	0	0	24	10	0	0
123	6 Jun 23	20:19:00	1	0	36	0	Pn	0	1	8	15	14	8	15	10	15	11	7	15	13	1	8	9	2	11	8	4	15	1	15	2	12	1	15	2	12	1	12	6	11	7
124	6 Jun 23	20:20:00	1	0	36	0	MT	0	1	0	26	0	0	0	0	5	0	6	0	7	0	0	0	0	2	0	11	16	8	0	1	0	0	11	6	0	0	17	0	0	0
124	6 Jun 23	20:20:00	1	0	36	0	CT	0	1	0	33	0	0	0	0	15	0	27	0	35	0	0	0	0	6	0	13	30	23	0	21	0	0	15	13	0	0	29	0	0	0
124	6 Jun 23	20:20:00	1	0	36	0	Pn	0	1	8	15	14	8	15	10	10	11	1	15	10	1	8	9	2	9	8	15	7	9	15	1	12	1	4	6	12	1	15	6	11	7
125	6 Jun 23	20:21:00	1	0	36	0	MT	0	1	0	13	0	0	0	6	14	0	14	0	9	0	0	0	0	5	0	5	5	6	0	3	0	0	17	16	0	0	4	0	0	0
125	6 Jun 23	20:21:00	1	0	36	0	CT	0	1	0	21	0	0	0	22	29	6	25	0	21	0	0	0	0	21	0	10	22	10	0	14	0	0	23	22	0	0	23	0	0	0
125	6 Jun 23	20:21:00	1	0	36	0	Pn	0	1	8	12	14	8	15	4	14	11	15	15	1	1	8	9	2	14	8	10	8	15	15	4	12	1	15	8	12	1	11	6	11	7
126	6 Jun 23	20:22:00	1	0	36	0	MT	0	1	0	13	0	0	0	3	8	0	0	0	8	0	0	0	0	1	9	2	12	7	0	4	0	0	16	7	0	4	14	0	0	0
126	6 Jun 23	20:22:00	1	0	36	0	CT	0	1	1	17	0	0	0	10	19	2	0	0	27	0	0	7	0	4	10	3	35	11	0	39	0	0	20	10	0	5	35	0	0	0
126	6 Jun 23	20:22:00	1	0	36	0	Pn	0	1	8	3	14	8	15	1	12	11	15	15	9	1	8	9	2	15	13	8	10	8	15	8	12	1	3	1	12	5	11	6	11	7
127	6 Jun 23	20:23:00	1	0	36	0	MT	0	1	0	12	0	0	0	6	3	0	2	0	6	0	0	1	0	6	4	7	14	19	0	16	0	0	21	0	0	3	6	0	0	0
127	6 Jun 23	20:23:00	1	0	36	0	CT	0	1	0	24	0	1	0	8	9	0	11	1	14	0	0	7	0	27	9	10	22	29	0	23	0	0	25	0	0	12	32	0	0	0
127	6 Jun 23	20:23:00	1	0	36	0	Pn	0	1	8	15	14	8	15	7	15	11	13	15	15	1	8	10	2	9	9	1	6	15	15	6	12	1	6	1	12	8	9	6	11	7
128	6 Jun 23	20:24:00	1	0	36	0	MT	0	1	0	2	0	0	0	11	0	0	2	14	8	0	0	1	0	8	8	0	4	13	0	5	0	0	12	0	0	0	3	0	0	0
128	6 Jun 23	20:24:00	1	0	36	0	CT	0	1	0	6	0	23	0	16	2	0	7	19	49	0	0	10	0	33	11	0	14	38	0	19	0	0	16	4	0	1	23	0	0	0
128	6 Jun 23	20:24:00	1	0	36	0	Pn	0	1	8	13	14	8	15	12	15	11	11	1	11	1	8	11	2	1	1	1	10	12	15	1	12	1	8	1	12	8	8	6	11	7
129	6 Jun 23	20:25:00	1	0	36	0	MT	0	1	0	0	6	3	6	8	6	2	10	22	16	0	0	0	5	10	7	14	1	4	0	9	6	0	7	5	0	0	9	0	0	2
129	6 Jun 23	20:25:00	1	0	36	0	CT	0	1	0	1	18	8	5	15	15	2	18	33	41	0	0	25	5	21	16	15	7	7	0	30	10	0	13	14	0	6	24	0	0	6
129	6 Jun 23	20:25:00	1	0	36	0	Pn	0	1	8	13	8	5	9	4	9	13	1	7	15	1	8	11	3	11	8	15	11	8	15	10	10	1	15	2	12	8	7	6	11	9
130	6 Jun 23	20:26:00	1	0	36	0	MT	0	1	0	0	10	11	4	13	3	1	14	27	0	0	5	0	7	1	2	0	1	0	2	5	10	0	19	1	0	0	9	0	0	0
130	6 Jun 23	20:26:00	1	0	36	0	CT	0	1	0	3	20	18	9	34	3	4	18	35	6	4	6	2	19	26	10	0	22	0	9	9	22	0	21	6	0	3	37	0	0	12
130	6 Jun 23	20:26:00	1	0	36	0	Pn	0	1	8	13	8	12	9	11	12	14	15	8	15	1	3	11	6	12	10	15	12	8	13	15	12	1	6	1	12	8	2	6	11	9
131	6 Jun 23	20:27:00	1	0	36	0	MT	0	1	0	0	0	4	1	6	11	2	0	0	0	6	2	2	28	1	0	0	12	5	18	14	5	0	9	0	0	0	5	0	0	0
131	6 Jun 23	20:27:00	1	0	36	0	CT	0	1	0	0	29	16	16	32	27	9	0	0	5	14	4	4	33	10	61	0	23	10	28	32	15	0	17	0	0	3	39	0	1	0
131	6 Jun 23	20:27:00	1	0	36	0	Pn	0	1	8	13	8	8	10	9	9	12	15	8	15	7	1	9	6	13	10	15	6	3	15	1	11	1	15	1	12	8	1	6	11	9
132	6 Jun 23	20:28:00	1	0	36	0	MT	0	1	0	0	0	4	5	8	6	2	0	7	0	8	14	0	9	2	3	10	5	14	0	3	4	0	14	3	0	0	4	0	0	0
132	6 Jun 23	20:28:00	1	0	36	0	CT	0	1	0	0	0	26	7	33	13	22	0	8	4	19	18	1	19	9	43	21	21	20	10	35	10	0	20	10	0	0	21	0	0	0
132	6 Jun 23	20:28:00	1	0	36	0	Pn	0	1	8	13	8	8	15	1	15	10	15	15	15	15	15	9	15	15	13	15	1	15	15	4	11	1	1	4	12	8	1	6	11	9
133	6 Jun 23	20:29:00	1	0	36	0	MT	0	1	0	0	4	1	0	4	0	11	0	0	0	0	11	0	17	8	11	0	7	8	0	6	8	0	17	11	0	0	3	0	0	0
133	6 Jun 23	20:29:00	1	0	36	0	CT	0	1	0	1	11	31	0	12	0	25	0	4	1	0	14	0	25	31	17	5	42	18	0	23	25	0	22	15	0	0	20	4	0	0
133	6 Jun 23	20:29:00	1	0	36	0	Pn	0	1	8	13	12	9	15	5	15	11	15	15	15	15	4	9	6	7	6	15	8	7	15	6	9	1	12	15	12	8	4	6	11	9
134	6 Jun 23	20:30:00	1	0	36	0	MT	0	1	0	0	4	4	2	7	0	2	0	23	0	0	7	0	23	6	3	10	0	6	2	5	8	0	16	11	0	0	3	0	0	0
134	6 Jun 23	20:30:00	1	0	36	0	CT	0	1	0	0	8	16	4	18	0	4	0	47	1	0	17	0	35	30	5	36	14	30	4	23	22	0	21	34	0	0	12	0	0	0
134	6 Jun 23	20:30:00	1	0	36	0	Pn	0	1	8	13	8	13	13	12	15	13	15	12	15	15	5	9	1	1	9	5	8	1	13	1	1	1	6	14	12	8	1	6	11	9
135	6 Jun 23	20:31:00	1	0	36	0	MT	0	1	0	0	0	1	0	3	0	0	0	19	22	0	7	0	14	13	0	4	0	0	7	0	4	0	9	6	0	0	0	0	0	0
135	6 Jun 23	20:31:00	1	0	36	0	CT	0	1	0	2	13	7	0	27	0	0	0	23	30	9	26	0	19	25	0	5	15	0	15	2	5	0	16	8	0	0	0	0	0	0
135	6 Jun 23	20:31:00	1	0	36	0	Pn	0	1	8	13	8	14	13	15	15	13	15	9	1	15	12	9	15	14	9	1	8	1	6	1	5	1	15	10	12	8	1	6	11	9
136	6 Jun 23	20:32:00	1	0	36	0	MT	0	1	0	0	0	4	0	3	0	0	0	5	14	0	13	0	24	1	13	0	6	0	19	0	10	0	19	9	0	0	14	0	0	0
136	6 Jun 23	20:32:00	1	0	36	0	CT	0	1	0	0	2	19	0	11	0	0	0	42	38	0	16	0	30	1	19	2	10	0	28	7	28	0	28	20	0	0	17	0	0	0
136	6 Jun 23	20:32:00	1	0	36	0	Pn	0	1	8	13	8	10	13	12	15	13	15	14	15	15	5	9	1	15	12	1	14	1	15	1	15	1	6	1	12	8	15	6	11	9
137	6 Jun 23	20:33:00	1	0	36	0	MT	0	1	13	0	1	1	0	9	0	4	0	1	8	0	13	0	23	3	17	14	16	0	28	14	7	0	4	0	0	0	5	0	0	0
137	6 Jun 23	20:33:00	1	0	36	0	CT	0	1	28	4	12	25	9	20	0	24	0	50	10	0	21	0	30	4	21	13	23	0	47	14	33	0	23	0	0	0	22	0	0	0
137	6 Jun 23	20:33:00	1	0	36	0	Pn	0	1	9	13	7	9	13	3	15	11	15	15	11	15	10	9	6	12	1	15	6	1	15	15	8	1	10	1	12	8	10	6	11	9
138	6 Jun 23	20:34:00	1	0	36	0	MT	0	1	4	0	0	2	0	8	0	3	0	16	18	0	5	0	16	5	20	8	6	0	0	5	9	0	15	0	2	0	12	3	0	0
138	6 Jun 23	20:34:00	1	0	36	0	CT	0	1	12	8	0	28	41	23	0	9	0	24	24	4	10	0	29	42	20	15	13	0	6	11	18	0	28	2	26	0	17	10	0	0
138	6 Jun 23	20:34:00	1	0	36	0	Pn	0	1	13	13	7	7	13	7	15	14	15	15	1	15	15	9	12	7	15	15	12	1	15	10	15	1	5	1	14	8	8	3	11	9
139	6 Jun 23	20:35:00	1	0	36	0	MT	0	1	13	0	0	8	0	4	10	6	0	16	6	0	9	0	13	9	0	0	3	0	0	16	8	0	12	3	0	0	7	6	0	0
139	6 Jun 23	20:35:00	1	0	36	0	CT	0	1	23	2	0	18	21	15	31	18	0	21	15	9	11	0	17	28	0	0	10	0	0	32	20	0	23	20	31	0	12	18	0	0
139	6 Jun 23	20:35:00	1	0	36	0	Pn	0	1	4	13	7	13	13	11	15	12	15	5	3	15	6	9	5	4	15	15	15	1	15	2	15	1	9	4	14	8	15	9	11	9
140	6 Jun 23	20:36:00	1	0	36	0	MT	0	1	3	0	0	6	0	0	10	11	0	32	14	0	19	0	18	11	4	8	14	0	0	5	3	0	6	11	7	0	11	12	3	0
140	6 Jun 23	20:36:00	1	0	36	0	CT	0	1	38	0	10	8	0	14	22	17	0	34	30	3	27	0	23	18	5	20	29	2	0	27	12	0	9	20	14	0	22	22	8	0
140	6 Jun 23	20:36:00	1	0	36	0	Pn	0	1	1	13	7	11	13	11	15	1	15	1	15	15	15	9	15	15	11	13	1	1	15	1	12	1	15	15	9	8	8	15	14	9
141	6 Jun 23	20:37:00	1	0	36	0	MT	0	1	14	0	2	11	0	1	14	9	0	14	0	0	3	0	32	2	0	12	3	0	0	0	8	0	18	12	7	6	10	20	15	0
141	6 Jun 23	20:37:00	1	0	36	0	CT	0	1	19	9	10	23	0	11	31	16	0	18	0	15	7	0	42	45	1	17	8	0	0	0	16	0	21	35	18	9	23	22	22	0
141	6 Jun 23	20:37:00	1	0	36	0	Pn	0	1	15	13	9	12	13	12	1	10	15	15	15	15	12	9	5	13	11	1	4	1	15	1	12	1	5	3	10	14	12	1	3	9
142	6 Jun 23	20:38:00	1	0	36	0	MT	0	1	7	0	2	2	0	1	5	5	0	28	0	0	0	0	10	4	0	4	7	0	0	0	6	0	10	2	13	1	13	25	6	0
142	6 Jun 23	20:38:00	1	0	36	0	CT	0	1	12	0	4	8	0	4	15	15	0	39	0	1	45	0	19	36	0	5	22	0	0	0	12	0	21	3	19	1	26	28	33	0
142	6 Jun 23	20:38:00	1	0	36	0	Pn	0	1	8	13	7	14	13	13	6	15	15	15	15	15	12	9	11	9	11	5	1	1	15	1	12	1	15	1	5	15	15	4	9	9
143	6 Jun 23	20:39:00	1	0	36	0	MT	0	1	0	0	0	0	2	0	7	14	0	27	0	7	0	0	18	8	0	10	5	0	0	0	0	0	0	0	7	11	13	3	8	0
143	6 Jun 23	20:39:00	1	0	36	0	CT	0	1	0	0	0	0	5	10	12	25	0	39	3	27	49	0	21	24	0	12	16	0	0	0	2	0	1	8	11	15	29	5	39	0
143	6 Jun 23	20:39:00	1	0	36	0	Pn	0	1	8	13	7	14	11	13	1	1	15	10	15	8	12	9	1	1	11	15	6	1	15	1	12	1	15	1	12	4	10	1	11	9
144	6 Jun 23	20:40:00	1	0	36	0	MT	0	1	0	0	0	0	0	0	0	8	0	7	22	7	11	0	14	13	0	8	4	0	0	0	0	0	21	0	3	3	6	28	14	0
144	6 Jun 23	20:40:00	1	0	36	0	CT	0	1	0	1	0	0	1	2	7	9	0	13	38	9	23	0	19	24	0	59	10	0	2	0	0	0	27	1	12	3	28	30	37	0
144	6 Jun 23	20:40:00	1	0	36	0	Pn	0	1	8	13	7	14	11	13	1	9	15	13	11	1	9	9	1	14	11	7	10	1	15	1	12	1	8	1	15	1	4	1	15	9
145	6 Jun 23	20:41:00	1	0	36	0	MT	0	1	0	0	0	0	0	0	0	9	0	26	18	0	18	0	9	1	4	6	3	0	0	14	0	0	7	7	5	0	5	14	18	0
145	6 Jun 23	20:41:00	1	0	36	0	CT	0	1	0	6	0	0	0	0	0	20	0	34	29	0	21	0	23	1	7	8	9	0	0	15	0	0	13	31	11	0	30	18	24	0
145	6 Jun 23	20:41:00	1	0	36	0	Pn	0	1	8	13	7	14	11	13	1	12	15	15	1	1	9	9	4	15	15	1	13	1	15	15	12	1	15	8	10	1	9	15	15	9
146	6 Jun 23	20:42:00	1	0	36	0	MT	0	1	4	0	0	0	0	0	0	20	0	14	0	0	22	0	13	5	14	14	0	0	0	4	3	0	16	7	13	7	1	25	0	0
146	6 Jun 23	20:42:00	1	0	36	0	CT	0	1	9	0	0	0	0	0	5	35	0	21	3	0	32	0	16	7	19	15	21	0	9	10	4	0	20	31	22	10	5	26	0	0
146	6 Jun 23	20:42:00	1	0	36	0	Pn	0	1	4	13	7	14	11	13	1	10	15	7	1	1	15	9	13	10	1	15	13	1	15	15	15	1	3	15	5	8	10	12	15	9
147	6 Jun 23	20:43:00	1	0	36	0	MT	0	1	1	0	0	0	0	0	0	12	0	14	13	0	7	0	5	0	7	0	0	0	14	8	19	0	16	10	7	7	13	14	17	0
147	6 Jun 23	20:43:00	1	0	36	0	CT	0	1	28	1	0	0	0	0	0	21	0	22	16	0	9	0	5	4	8	0	8	0	27	19	28	0	24	19	12	9	28	19	31	0
147	6 Jun 23	20:43:00	1	0	36	0	Pn	0	1	3	13	7	14	11	13	1	8	15	9	14	1	8	9	8	10	8	15	13	1	1	7	6	1	15	5	12	15	13	4	4	9
148	6 Jun 23	20:44:00	1	0	36	0	MT	0	1	0	0	0	4	0	0	0	6	0	10	12	0	18	0	21	3	3	2	0	0	26	6	11	0	11	4	0	14	5	14	12	2
148	6 Jun 23	20:44:00	1	0	36	0	CT	0	1	23	1	0	22	1	0	1	31	0	21	19	0	27	0	29	8	4	8	0	0	40	29	14	0	17	14	2	17	37	24	16	6
148	6 Jun 23	20:44:00	1	0	36	0	Pn	0	1	3	13	7	12	11	13	1	6	15	15	4	1	12	9	15	7	11	13	13	1	3	1	13	1	4	1	12	1	8	12	6	7
149	6 Jun 23	20:45:00	1	0	36	0	MT	0	1	2	0	0	12	0	0	0	8	0	0	10	0	6	0	28	6	0	7	0	0	14	0	22	0	17	16	7	0	4	16	6	7
149	6 Jun 23	20:45:00	1	0	36	0	CT	0	1	6	0	0	43	0	0	14	18	0	9	32	0	9	0	36	13	0	20	0	2	26	1	23	0	27	24	14	0	15	18	39	16
149	6 Jun 23	20:45:00	1	0	36	0	Pn	0	1	1	13	7	12	11	13	1	14	15	15	4	1	12	9	15	1	11	10	13	1	15	1	1	1	15	13	11	1	8	2	12	14
150	6 Jun 23	20:46:00	1	0	36	0	MT	0	1	10	0	0	8	8	0	4	2	0	4	16	0	10	0	19	14	17	13	0	4	0	0	14	0	14	14	14	13	13	15	0	0
150	6 Jun 23	20:46:00	1	0	36	0	CT	0	1	16	0	0	9	15	0	30	14	0	9	31	0	17	0	22	23	24	22	0	13	2	17	33	0	20	26	27	15	39	17	32	1
150	6 Jun 23	20:46:00	1	0	36	0	Pn	0	1	11	13	7	10	11	13	5	12	15	11	10	1	8	9	10	15	8	15	13	1	15	1	15	1	1	15	7	14	11	15	12	14
151	6 Jun 23	20:47:00	1	0	36	0	MT	0	1	4	4	0	7	4	0	16	0	0	14	5	0	0	0	19	3	9	6	0	0	0	6	0	0	14	0	10	10	5	28	24	0
151	6 Jun 23	20:47:00	1	0	36	0	CT	0	1	13	11	0	23	5	0	35	31	0	18	13	0	1	0	24	8	15	16	0	2	2	12	9	0	23	3	13	15	36	30	37	0
151	6 Jun 23	20:47:00	1	0	36	0	Pn	0	1	15	15	7	7	15	13	3	12	15	7	9	1	8	9	15	12	9	15	13	1	15	1	15	1	15	15	13	6	10	15	8	14
152	6 Jun 23	20:48:00	1	0	36	0	MT	0	1	0	4	0	4	0	0	14	0	0	22	5	2	7	0	8	2	2	11	2	11	3	0	20	0	0	12	13	5	17	14	1	8
152	6 Jun 23	20:48:00	1	0	36	0	CT	0	1	0	15	1	15	0	0	25	30	0	25	20	5	14	0	47	19	6	33	6	39	5	0	41	0	1	33	29	5	36	17	54	15
152	6 Jun 23	20:48:00	1	0	36	0	Pn	0	1	15	11	7	11	15	13	15	12	15	1	10	3	1	9	7	10	11	4	15	2	12	1	7	1	15	3	6	1	13	1	9	8
153	6 Jun 23	20:49:00	1	0	36	0	MT	0	1	0	15	0	11	0	5	8	0	0	0	17	4	18	1	20	9	18	3	20	1	1	14	8	0	14	2	3	0	14	14	27	21
153	6 Jun 23	20:49:00	1	0	36	0	CT	0	1	0	26	0	22	0	13	28	7	0	2	37	9	21	6	24	34	22	3	30	3	15	17	10	0	25	17	32	0	28	19	36	31
153	6 Jun 23	20:49:00	1	0	36	0	Pn	0	1	15	6	7	12	15	12	13	12	15	1	1	7	11	8	15	1	1	1	7	1	11	15	15	1	1	1	9	1	7	15	10	15
154	6 Jun 23	20:50:00	1	0	36	0	MT	0	1	0	14	0	10	0	11	5	8	7	14	0	0	12	12	14	0	19	0	13	0	0	0	2	0	9	0	2	0	0	0	12	26
154	6 Jun 23	20:50:00	1	0	36	0	CT	0	1	0	38	0	33	1	26	11	28	9	15	1	0	24	18	17	0	29	0	29	0	0	9	18	0	30	0	10	0	4	3	18	30
154	6 Jun 23	20:50:00	1	0	36	0	Pn	0	1	15	10	7	8	15	1	12	10	8	15	1	7	3	8	1	1	10	1	10	1	11	15	13	1	10	1	11	1	7	15	4	15
155	6 Jun 23	20:51:00	1	0	36	0	MT	0	1	7	32	0	6	0	14	2	9	4	0	7	0	3	0	20	0	9	0	11	0	4	10	1	0	5	3	3	0	17	8	15	22
155	6 Jun 23	20:51:00	1	0	36	0	CT	0	1	18	41	0	23	0	21	22	24	8	1	14	1	11	6	27	0	20	0	25	0	8	18	41	0	16	17	10	0	30	28	20	26
155	6 Jun 23	20:51:00	1	0	36	0	Pn	0	1	8	6	7	8	15	15	10	1	4	15	4	7	6	8	9	1	1	1	9	1	7	15	12	1	15	4	14	1	12	7	15	1
156	6 Jun 23	20:52:00	1	0	36	0	MT	0	1	0	27	0	1	0	11	7	0	17	6	3	0	0	0	21	0	11	9	8	0	20	14	16	0	19	11	0	0	3	6	6	0
156	6 Jun 23	20:52:00	1	0	36	0	CT	0	1	0	39	0	9	0	23	17	0	21	17	7	2	1	0	26	0	35	22	21	0	24	35	29	0	25	19	2	0	10	11	17	0
156	6 Jun 23	20:52:00	1	0	36	0	Pn	0	1	8	15	7	9	15	4	15	1	15	9	1	7	6	8	14	1	12	10	11	1	15	1	10	1	6	15	14	1	9	1	15	1
157	6 Jun 23	20:53:00	1	0	36	0	MT	0	1	0	28	0	4	0	9	0	10	28	8	13	0	0	0	28	0	20	5	10	0	5	0	5	0	2	10	5	0	1	17	6	5
157	6 Jun 23	20:53:00	1	0	36	0	CT	0	1	0	36	0	10	0	18	0	15	31	12	26	0	0	0	36	0	28	5	30	0	7	0	16	0	27	21	9	0	34	19	8	7
157	6 Jun 23	20:53:00	1	0	36	0	Pn	0	1	8	15	7	7	15	7	15	11	15	1	10	7	6	8	14	1	4	15	1	1	10	1	15	1	8	5	11	1	8	12	9	6
158	6 Jun 23	20:54:00	1	0	36	0	MT	0	1	0	28	0	0	0	5	0	0	28	14	23	0	3	0	15	0	5	0	6	0	17	0	0	0	6	10	8	0	7	19	0	8
158	6 Jun 23	20:54:00	1	0	36	0	CT	0	1	0	37	0	0	0	30	0	5	33	19	31	0	9	0	17	0	7	0	10	0	23	13	4	0	10	32	19	0	29	27	1	13
158	6 Jun 23	20:54:00	1	0	36	0	Pn	0	1	8	15	7	7	15	4	15	11	15	15	15	7	9	8	1	1	9	15	7	1	9	1	15	1	14	15	3	1	9	9	9	14
159	6 Jun 23	20:55:00	1	0	36	0	MT	0	1	0	28	0	0	0	10	0	0	27	5	10	0	0	0	25	0	0	14	8	0	6	6	0	0	1	13	7	0	16	6	0	0
159	6 Jun 23	20:55:00	1	0	36	0	CT	0	1	2	36	0	0	0	22	0	0	33	14	12	0	29	0	28	6	0	23	22	1	13	24	21	0	5	30	16	0	34	6	1	1
159	6 Jun 23	20:55:00	1	0	36	0	Pn	0	1	8	15	7	7	15	10	15	11	14	10	15	7	9	8	4	1	9	1	15	1	15	1	15	1	15	2	6	1	11	15	9	14
160	6 Jun 23	20:56:00	1	0	36	0	MT	0	1	0	10	0	0	0	2	11	0	15	8	8	6	0	0	6	0	0	0	16	0	0	0	13	0	14	1	9	0	9	0	0	1
160	6 Jun 23	20:56:00	1	0	36	0	CT	0	1	0	25	0	2	0	10	34	0	29	10	24	11	8	0	8	6	0	0	24	0	0	0	41	0	19	5	14	0	25	0	0	5
160	6 Jun 23	20:56:00	1	0	36	0	Pn	0	1	8	15	7	7	15	12	8	11	1	2	13	13	9	8	6	1	9	1	9	1	15	1	6	1	1	1	15	1	14	15	9	15
161	6 Jun 23	20:57:00	1	0	36	0	MT	0	1	0	25	0	1	0	1	11	3	14	3	1	2	3	0	11	13	0	3	6	0	0	0	9	0	14	14	0	0	14	0	4	0
161	6 Jun 23	20:57:00	1	0	36	0	CT	0	1	0	34	0	26	3	13	32	7	17	7	6	4	4	0	16	19	0	5	11	7	0	0	13	0	21	26	2	0	31	0	6	5
161	6 Jun 23	20:57:00	1	0	36	0	Pn	0	1	8	12	7	6	15	13	11	14	15	3	14	15	12	8	13	14	9	4	15	1	15	1	15	1	15	15	15	1	10	15	5	15
162	6 Jun 23	20:58:00	1	0	36	0	MT	0	1	0	9	0	5	0	7	4	1	14	0	15	0	0	0	7	1	0	11	0	6	0	0	15	0	14	10	3	0	7	0	14	0
162	6 Jun 23	20:58:00	1	0	36	0	CT	0	1	0	22	0	25	0	22	27	14	17	0	29	3	0	0	33	2	0	11	4	14	0	2	24	0	17	31	4	0	23	0	31	33
162	6 Jun 23	20:58:00	1	0	36	0	Pn	0	1	8	15	7	1	15	6	15	15	1	3	1	15	12	8	6	15	9	15	15	1	15	1	8	1	1	5	12	1	15	15	11	15
163	6 Jun 23	20:59:00	1	0	36	0	MT	0	1	0	12	0	0	0	4	4	14	14	0	11	4	0	0	0	0	2	11	3	0	0	4	6	0	16	4	11	0	14	0	0	16
163	6 Jun 23	20:59:00	1	0	36	0	CT	0	1	0	31	0	1	0	26	9	22	16	0	26	8	0	0	65	0	4	19	7	0	0	11	11	0	21	14	19	0	28	0	62	31
163	6 Jun 23	20:59:00	1	0	36	0	Pn	0	1	8	11	7	1	15	10	15	1	15	3	8	11	12	8	6	15	11	8	12	1	15	5	14	1	13	1	7	1	15	15	11	5
164	6 Jun 23	21:00:00	1	0	36	0	MT	0	1	0	24	0	0	0	10	3	13	14	0	11	10	0	0	7	0	23	7	6	0	0	4	1	0	25	14	8	0	10	0	17	24
164	6 Jun 23	21:00:00	1	0	36	0	CT	0	1	0	37	0	5	0	26	9	16	16	0	25	14	0	0	54	0	30	7	22	0	0	25	7	0	29	19	16	0	29	2	27	26
164	6 Jun 23	21:00:00	1	0	36	0	Pn	0	1	8	15	7	1	15	10	12	14	1	3	5	1	12	8	3	15	6	15	6	1	15	1	15	1	14	15	15	1	9	15	6	1
165	6 Jun 23	21:01:00	1	0	36	0	MT	0	1	0	28	0	12	0	9	12	1	5	0	10	0	5	0	0	0	5	3	16	0	0	0	7	0	4	15	0	0	7	0	23	14
165	6 Jun 23	21:01:00	1	0	36	0	CT	0	1	0	32	0	21	12	22	24	8	9	0	13	0	10	0	1	5	12	6	30	0	0	3	14	0	6	25	0	0	32	0	25	15
165	6 Jun 23	21:01:00	1	0	36	0	Pn	0	1	8	15	7	13	15	1	12	15	6	3	15	1	13	8	3	15	1	12	8	1	15	1	8	1	12	14	15	1	2	15	5	15
166	6 Jun 23	21:02:00	1	0	36	0	MT	0	1	0	28	3	8	0	14	6	21	23	0	11	0	9	0	12	0	14	13	0	4	0	6	3	0	19	1	0	0	1	0	14	28
166	6 Jun 23	21:02:00	1	0	36	0	CT	0	1	0	36	3	23	39	20	25	34	30	0	24	1	15	0	17	1	21	30	8	20	0	15	13	0	23	3	0	0	10	6	20	33
166	6 Jun 23	21:02:00	1	0	36	0	Pn	0	1	8	15	10	7	15	15	12	8	1	3	10	1	4	8	15	15	15	3	8	1	15	1	9	1	9	15	15	1	1	15	3	15
167	6 Jun 23	21:03:00	1	0	36	0	MT	0	1	0	24	10	8	2	5	10	6	17	0	5	5	7	0	22	9	0	12	0	0	0	0	0	0	9	7	9	0	0	0	12	14
167	6 Jun 23	21:03:00	1	0	36	0	CT	0	1	1	34	12	24	38	17	24	22	20	0	9	11	18	0	34	19	4	19	12	11	0	12	0	0	15	13	14	0	2	0	14	16
167	6 Jun 23	21:03:00	1	0	36	0	Pn	0	1	8	11	10	11	13	10	10	6	12	3	15	6	5	8	9	6	15	15	8	1	15	1	9	1	12	8	6	1	1	15	15	1
168	6 Jun 23	21:04:00	1	0	36	0	MT	0	1	0	4	3	9	0	0	5	6	22	0	9	0	4	0	10	5	0	0	0	0	0	0	0	0	25	13	12	0	0	0	6	7
168	6 Jun 23	21:04:00	1	0	36	0	CT	0	1	0	11	7	16	0	8	13	22	32	0	20	1	7	0	16	34	0	2	20	0	0	0	0	0	29	20	20	0	15	0	12	19
168	6 Jun 23	21:04:00	1	0	36	0	Pn	0	1	8	15	7	6	13	10	15	6	12	3	6	6	9	8	11	1	15	15	8	1	15	1	9	1	15	15	8	1	1	15	15	8
169	6 Jun 23	21:05:00	1	0	36	0	MT	0	1	0	0	0	4	2	0	0	5	3	9	19	1	12	0	14	7	0	7	0	0	0	5	0	0	13	12	7	0	3	0	3	7
169	6 Jun 23	21:05:00	1	0	36	0	CT	0	1	0	0	8	6	8	39	7	15	5	11	29	3	13	0	19	11	0	18	0	0	0	17	0	0	18	28	29	0	14	3	12	11
